775745
644680
513509
174722
977851
172737
35541
585384
108631
982833
708926
623337
288942
689452
619126
897681
539075
444306
93904
998618
629613
846176
469110
539877
592123
829800
487113
205875
763886
807120
36031
468028
574090
578015
892251
373505
898027
808801
903497
974037
811851
788906
993489
949197
285881
656634
984940
742715
1252
466543
13878
660646
386971
217746
903662
280122
836201
429152
257278
498750
994434
731302
184708
356132
380076
660332
178502
878177
96489
139410
350859
131934
421439
240796
825789
827294
39488
282480
452904
426532
735903
188405
295662
891410
439037
816695
277278
152180
689848
900903
145618
621700
138810
526566
297435
393821
259400
176296
922742
180648
239414
581326
369003
956004
558220
753137
347539
391063
547800
472715
65012
279222
679728
912987
807446
361727
367525
765720
787063
294048
952769
59207
672108
331819
69195
674222
785993
979034
984879
901197
502749
903732
178053
780698
83544
111431
348683
936650
760870
518905
914180
393393
817458
419894
946066
214418
143952
501755
177507
285941
406565
244594
41119
882713
452128
715761
12567
569521
425428
845395
777337
437956
519337
408505
437855
163505
712845
204489
942968
56091
733767
998638
383226
507304
662367
517464
130217
859718
150478
897177
545137
305136
839337
650169
2269
760333
291802
262158
277543
705177
483448
617962
667880
359847
29313
700535
975841
95541
381340
2685
490551
270858
478992
885379
878922
654244
342633
490443
792245
436263
956740
114253
832891
32769
141933
375770
85984
678045
399320
226197
354923
227562
611221
293063
480146
15514
14789
466013
403647
107919
44735
786019
200023
460823
104540
423596
989663
690744
146556
803397
260762
399324
203751
810280
615224
844124
358643
476717
558086
490200
597173
716764
992785
352799
124837
473181
976563
54492
232327
835748
936182
732102
241603
603507
512807
150154
609178
105793
569153
432176
694458
960924
528974
882037
493562
701921
170623
216459
481911
231143
212569
160287
735596
561524
17447
70317
991334
11720
939924
100805
184809
335865
121315
687387
613116
717628
162132
644196
149520
380583
241551
782161
74070
339777
585341
382842
833187
304725
941458
87904
254046
890942
984152
543580
106937
437188
157380
905155
233808
12239
75205
289119
615173
481143
121873
419393
107120
439844
916943
321181
494792
468983
36712
763788
436867
190101
779684
300567
471841
987893
818179
12698
865627
36150
259299
224470
518603
664089
726634
797273
69499
95540
360921
321133
924019
668701
466163
877364
978756
97219
810505
509133
238927
886921
929662
25068
85224
775950
538677
233349
647126
428105
132796
909629
580440
161982
344480
324658
881154
922178
654967
525412
381723
163265
107087
898721
765331
114887
521272
614080
503837
503745
968727
60230
686158
476528
424955
845617
335875
940604
744629
696230
639316
750721
763624
149420
115051
383510
147105
795010
540196
574523
462694
932618
495811
829905
5323
191529
594476
177731
949085
752401
974561
449135
323735
52976
951310
629440
786726
217031
587239
640698
949441
145195
419245
641079
520355
550655
515940
287777
499502
419754
438747
312796
124877
554274
803099
865536
456588
252333
195453
180010
228838
103982
407987
805959
154441
106586
333037
246155
486928
197194
506813
961984
166631
763634
490650
114767
754011
370916
333896
988765
96133
562855
679679
66505
223976
476761
146306
392181
348449
353224
387696
75248
332833
268255
22634
540608
827712
965249
302315
60704
12340
108173
422425
674925
69554
725713
354534
743767
991545
692242
696517
815607
244304
197758
918613
606375
162289
340122
538756
977273
24754
755354
55879
156938
926089
426188
27281
427827
451751
38343
849116
900228
432359
323393
947198
587253
253488
622723
111165
626818
565230
202371
734807
175236
571867
736125
71669
496715
91840
315662
159209
537564
790052
112560
472903
667533
605516
429659
464825
98061
187459
267335
901720
852493
584098
327369
237349
606826
361301
394748
740908
159395
124619
483942
422083
105097
176265
111542
882081
713508
361432
397999
279947
625915
663258
52881
832253
365421
833460
756058
567188
330976
986233
977061
75796
197852
273945
677215
455274
58831
386619
453733
122137
746763
114903
156865
224349
886665
673725
119589
259049
611487
252185
101047
300025
556958
552410
21792
101951
20072
311365
730100
594281
767024
556756
596306
38740
362777
468585
438423
893907
684867
698523
255047
986485
632002
279893
929223
705615
5275
90397
527093
131704
14335
716024
440027
797009
887224
192878
303331
229915
836779
19385
554041
184000
637908
73556
706487
232188
123644
959868
607645
391573
896395
328988
88842
267438
266531
989332
214402
944672
514497
880887
8772
990090
710676
860034
459457
712278
677318
563497
217710
472056
380577
295539
633515
672079
113954
341843
101707
96158
317878
675403
94961
723447
195847
467641
319920
471488
767189
590846
28918
307372
860478
589881
282028
285011
130018
462191
305698
40611
793231
94547
667282
671220
887144
495606
711777
465595
641977
590483
148502
279188
833756
835137
65326
911375
451528
705048
847404
215360
944235
270882
857037
658222
82405
697991
69143
713741
197204
289759
72745
568112
276623
211613
174325
630439
44486
291981
785369
815301
357447
607590
585923
293305
508144
267881
924720
538688
226567
997538
41306
927845
930105
227212
480762
955884
387706
167488
286025
878820
165112
278623
649965
256472
839468
784936
324005
951249
675784
840196
913401
698430
916104
274164
710544
640780
959139
630631
693889
898154
18455
894750
356294
746108
751242
893050
233982
546510
273846
115461
515742
662259
941218
228350
201040
47719
512910
428844
784382
23134
492478
896927
666226
671345
570350
727272
1809
899909
727216
188408
398942
173347
495820
431904
365545
977179
642733
614765
136767
153480
397001
186851
308043
600661
363983
758752
758475
886326
278422
621438
646371
878593
92258
549962
552954
605402
65652
407064
532868
311005
322870
153140
934776
938926
702613
798998
642244
839140
763410
182347
968040
823509
987331
26504
650033
461553
115148
696956
477740
704433
881584
702786
883353
199347
55688
956477
116758
105714
239099
474820
906983
778787
696390
441017
973763
265374
316343
330980
947533
710686
139546
983931
846225
196995
39546
107350
805439
278022
496638
896424
921740
453958
741821
778586
531312
787591
486620
321130
895399
298922
523214
316527
550446
860782
986309
988896
290443
85820
217474
504959
723493
688779
37425
899438
606225
248921
592677
458740
353448
98761
329167
372849
604350
272286
473711
388701
130671
131575
338731
740389
219992
647628
123494
559540
275376
771566
803602
173824
645682
82090
683901
886234
492008
112070
993484
360876
712793
183575
214127
293517
539314
739039
772254
414607
450650
666439
904834
109577
831829
407814
413117
286703
165915
790081
615419
259996
511540
259361
195130
21739
629462
517510
981802
223401
987639
991841
386979
151763
569661
541282
115530
163085
395556
704465
694940
410669
58824
745584
847243
6754
219794
120244
56793
72539
55028
349701
129964
404445
609190
526893
742276
689732
463692
503702
10556
265010
253207
809296
556561
344811
708811
288497
987099
440199
89709
601464
538925
366119
421388
528860
822846
822406
373528
604990
46457
983221
996416
741444
72205
752698
325114
595631
225186
280111
334673
100502
744604
782124
926751
706147
2007
578149
489142
662537
378564
701905
613677
777378
189790
964682
419665
386751
28217
782856
44959
342524
201555
818641
921608
519051
400031
909662
493351
629051
507417
757564
256620
562932
414032
968665
519623
212015
186683
813567
132665
513866
883802
610655
699644
904657
883266
776258
805997
816310
795930
942246
700554
479189
640003
788406
771953
662293
379130
224177
765484
727700
14617
283352
780162
250848
396872
334605
343345
109451
368330
61138
812704
917231
386290
695572
992363
766268
520147
724514
845574
634027
639073
688810
111528
585092
220607
217002
208891
890903
926477
2078
49798
197476
805761
766238
373959
770861
793308
576366
970200
548827
516385
14829
508616
251943
508802
4054
75835
98832
101476
500634
559629
817870
533757
815708
292409
877050
770170
716039
820129
975336
1140
975236
591037
232901
809441
145793
165490
266739
311028
996895
342601
244036
229217
168711
426699
8385
694948
224544
642732
9134
171804
808141
170863
823804
156965
268660
16657
507436
383665
80711
933943
45786
927317
113232
178008
215657
223744
920837
241327
856842
775661
760896
873571
804420
908348
443577
272863
719924
37590
679645
32432
990977
584445
68084
494000
579892
762969
401333
138012
289679
509100
568101
500396
898041
477778
176798
534395
257650
24350
580719
363406
933117
466581
870185
738624
317973
247934
95301
6261
422194
111234
333014
53815
543824
558875
441094
127991
841223
728154
907520
88340
89102
676468
956529
438638
783402
662250
585490
266396
930365
494187
597070
787379
351445
77770
289557
672951
442919
495434
275650
444673
351398
150752
552955
463618
905976
460697
338213
79137
935507
78159
374716
95977
565168
411960
986752
650574
252236
446665
598156
621414
267167
631192
375210
954366
625579
989858
934807
846374
349999
655378
874829
379274
684198
719863
546056
871606
818522
359558
163366
700083
128014
254440
372428
552157
692719
938300
555778
986388
910577
92140
293414
689935
923462
892958
251833
256372
40861
195646
297074
928270
87914
864899
959680
55342
431404
240152
891263
244462
432240
309623
601417
59728
5013
806348
732917
754194
520976
432516
349366
904844
716176
938995
263506
932660
124031
819493
51767
760327
143677
50975
815690
602418
827877
226554
522001
648156
1079
410421
315029
407525
273668
865384
708904
543759
504974
407847
880882
569469
225736
69818
141909
915003
301209
409962
792825
750255
739809
134919
577382
434785
835357
51262
57809
214992
559735
327124
308326
562225
259197
600204
109509
3212
839930
4699
436711
542375
425657
200305
241918
132433
484571
195943
77615
939982
235008
202732
522531
207914
123414
556813
628664
764201
586129
118043
447679
585550
610377
671096
530849
268309
344948
133625
706600
103531
766932
59875
469621
198175
7933
516764
384593
490807
517362
828227
704297
376898
884491
499998
798711
972976
216185
683936
612183
635767
994988
368556
515765
266522
727354
913745
517761
20592
12001
919567
951854
222446
541085
169628
68844
869060
623336
960682
641873
171179
106101
628881
303808
507835
586753
198384
907205
779525
271915
563180
567093
301326
412816
196476
527062
479877
814331
352653
815750
483817
724415
628452
505820
382920
926448
739094
174595
137117
967330
780920
866715
722193
623772
320634
602916
206431
47203
183266
477756
219680
852095
334912
751616
239677
740950
605568
742880
101728
859582
846671
859760
268968
164874
644290
30488
782671
307555
363882
25851
933074
327893
200644
380087
719756
641933
517766
351856
938663
564071
650900
916877
976634
65693
71740
703381
693404
548685
255075
462405
781513
2125
908098
896049
63578
68587
20734
304293
315732
832884
361620
525962
291967
501854
928828
396904
749840
33172
84734
56047
545057
850618
933825
240165
841781
938399
209874
459675
421423
681571
644372
782953
995470
219866
793313
500908
358088
611564
783430
321101
320572
417204
682312
696454
766983
45090
739315
672803
310675
595443
339164
745934
402309
768945
916184
217405
315625
597429
602898
24267
782308
273869
179819
111590
947751
754828
224013
37354
536715
326260
722162
289331
184022
87167
397786
734651
360893
426139
175657
657243
206757
228105
754027
928418
823728
147289
895506
260887
450169
99999
710741
107799
891293
194979
324059
338625
263789
103563
78502
994395
936526
827272
529300
444600
29715
157366
197788
273119
658270
343223
809302
381638
862237
629824
589408
434348
697049
537341
633835
140716
647249
506330
953670
256787
278505
471055
570693
904518
502901
202024
313010
321106
242622
464980
342799
18203
946989
263858
408344
299740
46309
1511
651984
282808
182955
576600
480847
532839
159348
26643
798502
985933
326180
195770
658882
486292
450416
626391
501410
358210
548363
260869
739433
242695
965154
275024
263367
820244
219079
742346
388938
52355
508605
67990
93041
818271
709991
551200
928858
455863
253658
448380
964406
570034
575765
856402
686310
985878
37758
372143
324733
922490
330926
281013
575713
957751
681436
398356
761959
63827
63357
264392
136609
315496
649572
43970
76159
73676
492341
694190
773444
647032
165296
245690
261614
453313
533567
175174
561803
786616
389263
927892
326775
493981
344583
162784
909458
331691
874085
740299
462015
289689
913480
17161
754663
578058
635572
886204
659009
477414
566439
450128
654998
477492
124551
133941
928224
267562
863173
371962
431574
987170
152448
5895
775190
221182
9978
523744
877379
70801
420623
728019
840435
503501
185185
456532
957852
78857
22933
446236
925946
649413
296845
592165
232939
600775
576580
445930
965938
542247
958735
692677
981395
940934
871234
570210
962420
403487
972102
624322
186955
722045
477412
79738
416932
498823
154995
660558
555794
741529
903242
757769
283591
956557
809589
399204
132211
774752
815966
360278
871341
16803
133861
1992
91847
516454
999588
659080
474858
110312
989971
58923
552768
323916
674132
413835
776896
279092
723151
313114
543897
54147
449745
542843
967430
918183
116208
754078
76488
493019
232233
727517
728421
551209
222430
164646
543525
318896
559853
953792
200734
979147
959437
898601
762007
797814
901456
727647
968995
750498
832079
660053
115692
210324
809414
708081
130180
517067
642953
908483
92999
912909
991602
208358
118274
122126
993323
469570
401504
956397
560836
609642
563927
333158
527979
198648
282478
962073
895065
772963
963572
457070
797471
294407
169043
766064
339311
403485
541713
388903
166597
55303
645533
50339
500181
180096
819015
675831
5478
640868
563381
810076
202638
91904
439675
420880
214802
500343
957160
343330
299229
244417
372127
157676
266505
201036
333201
671736
302262
99720
328150
289436
726425
280755
697019
984338
561899
869971
152441
322393
447306
64920
358732
334710
727602
873347
895645
518090
693925
640813
298106
124737
182965
892969
199192
359999
574476
229752
117559
49909
307379
369982
893530
982684
84885
582444
728693
129560
30948
228267
376559
301433
189173
717980
312164
320476
600623
193567
987060
180175
96790
528650
239037
834711
436344
537521
341095
753255
242763
398909
811382
603983
695706
62526
852243
977848
993953
409294
660434
632103
587955
56761
554420
632852
877053
395125
557197
742163
392383
137242
33434
157807
534671
284435
58297
172524
619368
373779
744948
55271
417825
485431
189893
630651
213315
663558
715059
87885
609598
295787
270298
748085
411216
876914
525649
794849
867094
554461
899542
569453
878314
688990
293115
261421
441743
318630
388356
659646
205197
695444
200886
357719
880508
16318
971322
234172
172140
79212
415460
893566
598332
876036
543635
430775
656329
596044
354259
916436
116123
491098
389169
79447
954142
249197
204670
746949
822615
288582
168392
771690
361180
997895
794537
743696
510592
60801
966696
630261
384065
693105
731629
543428
19679
620015
436169
900444
688838
827980
393377
54065
827825
41156
226419
300708
196106
41206
54475
22517
320515
478670
311266
637591
982186
465780
77971
460258
892658
395570
551596
566586
469106
215148
577139
888171
929160
921199
623488
766553
611078
40134
283646
468551
682734
785987
577480
246496
723568
465282
554904
75257
47898
31177
313577
449487
804355
243661
787232
962728
777782
499054
401684
460699
993661
862745
16843
36181
558329
849557
607670
817307
712477
926070
82733
986110
795461
158598
723916
907341
791538
943370
132818
133863
322935
713928
9079
553479
856377
261036
392002
857725
257555
376156
922361
597764
639122
333243
836130
158269
843152
341176
952371
847342
557816
33463
871126
388094
684713
993454
664157
575433
628744
596988
816138
79669
767853
425024
921435
393136
905961
669957
106609
288973
737116
240458
456396
531526
1672
622994
235954
312968
100474
482207
676185
39143
484741
74947
918030
342221
84202
234187
992229
843124
463027
472733
972784
93463
600090
720139
533068
906609
729626
950654
761574
250253
677344
541086
327727
545060
450854
151852
595415
893215
939189
229464
430705
410997
367066
150597
922964
905138
681099
800573
799480
362219
391704
86720
275526
908787
455752
190533
837990
833310
5530
658167
164929
284308
136036
818627
978572
371588
732983
78041
817520
749824
833703
338957
780057
418127
216315
482855
161218
481238
695398
212859
768303
476246
839817
30834
263511
528246
349072
264217
268123
102027
830751
152327
753024
651510
993036
905713
27963
889847
5469
688346
398739
822718
474711
103251
722513
506707
992234
605692
389666
980643
443622
974791
916699
14081
977003
383713
300182
3676
107351
886234
818379
529188
32065
653406
844764
884477
573787
442452
451966
650550
187000
779809
397073
934746
239653
239942
370382
420493
393586
694067
28603
862434
200836
86140
364395
328714
94398
697754
556830
966267
112356
193115
144653
55946
558554
710093
529081
213019
414197
335954
171135
320576
224454
602540
694950
664284
983102
358833
928813
860910
201659
205564
618143
862835
532801
370756
863419
267250
511178
762427
477765
905210
289922
924398
832164
894834
39883
49949
812071
602309
938149
906865
702843
500863
218274
478699
217455
408823
946827
324563
176635
928160
689301
662334
607448
637050
497452
905710
864452
130380
983763
943623
185906
281502
62269
913568
636722
644228
196283
214351
340570
919913
705307
522615
249239
490455
350925
840540
845940
899506
390362
226326
845513
515217
96866
858856
390120
543448
259703
294378
290806
190918
531022
412948
369977
163014
5907
344455
867923
340786
130111
689564
271738
772846
713598
460279
906907
310601
216441
859410
858004
991881
483283
899306
43773
283978
659463
96353
644008
398213
547153
12183
305571
258629
333143
239974
168950
294165
14860
87046
773679
479691
582766
822284
946370
615545
644152
199335
741132
274438
123510
721071
62854
936005
861187
911158
436502
335784
130126
357239
459804
914958
90167
653121
956846
605263
560723
59099
509678
257860
27451
628322
524072
1287
701009
603474
480940
414234
189337
486656
524480
788330
515548
892542
406203
837541
386556
642808
640760
779434
453699
134069
259833
944352
360223
706329
131474
620532
277537
28345
413367
986812
943051
823972
338574
646085
541372
435541
848015
496964
408466
288781
283163
212985
534768
407447
270567
683432
172747
805892
720820
993570
394026
28048
934617
540748
321052
176603
986291
799892
188268
820148
783650
881340
988756
674111
985331
903997
197603
625750
733381
673132
538768
59031
564536
470435
731654
827515
872932
473345
727650
625548
526360
499618
797665
58880
425890
857241
935428
334396
145277
349630
545166
46130
734523
762338
276028
235215
108472
760921
751430
834583
452547
396616
405053
891902
55000
82960
290585
651572
215772
458302
388882
431429
45464
216608
839304
800983
413732
668868
713158
309779
374205
751584
899669
515001
743629
30155
920900
840152
899057
982740
647510
934983
672369
113165
256220
935498
776984
614109
514494
400698
163845
56101
935454
800426
143177
553822
389503
688432
450174
465700
14734
188026
163250
374169
441911
94897
430633
516602
155289
769777
937820
395530
519512
599267
564219
421294
285702
719638
235770
55889
254666
579832
74350
274493
891555
306496
258061
399521
364136
632063
711119
574651
938775
91213
988799
99834
298847
809419
731970
85485
686514
261025
123021
933293
11425
438988
475336
218567
950905
827225
145393
933376
656381
457602
209106
240135
63628
222743
597931
720224
167749
805310
223136
737554
337321
247237
253098
399398
306625
80721
72839
68304
962718
23383
599622
909185
851139
929266
804452
118779
61815
825062
618584
497550
250266
665783
901788
5179
312158
745394
694171
769146
232257
799016
222782
888392
500116
417005
817883
50672
798386
748903
963984
678595
714887
35051
316221
969028
61283
601986
995037
510761
611771
137337
850581
663955
501541
503335
706068
175534
443142
826280
426814
848365
479099
373954
905571
386804
566187
936887
159026
732909
866317
553811
680943
2920
347955
390092
640097
183093
936554
364368
818030
831279
434238
721178
809572
440151
133943
230538
869816
958835
876871
927765
92858
165931
961962
96535
878497
280289
891354
576729
714598
180340
96520
163018
825477
399467
179543
882654
972179
476420
530451
972774
630159
394331
601743
514433
506242
641612
340531
496667
534533
62477
64228
414598
661267
246724
32398
629027
487979
107916
285059
69935
740304
953005
863349
491749
398435
873879
13564
127984
47984
112183
536350
918822
464359
33952
79774
426981
642120
67998
425412
729371
30737
812488
538263
382419
355292
924037
487131
846164
822971
388979
717346
317075
957782
539391
525558
512191
783215
518935
18857
534138
724243
999382
649569
297422
181000
331841
693882
848588
865430
567309
647693
685995
185498
949188
113854
608985
251014
913324
866120
606249
164524
940089
267318
860998
167643
104785
696114
553595
382709
303611
971092
182655
337896
624607
724343
430893
823375
30659
266517
356559
519377
475183
666808
480801
839577
845383
549342
427837
717426
480868
246506
862859
539458
877215
169585
606482
655381
713468
871200
435510
453767
982830
799710
616739
635976
666081
68043
903969
576612
574750
265918
482533
827488
856860
619043
717332
433521
29179
72163
210491
957961
637798
73668
973661
692106
130815
102180
155138
104649
540388
760732
662843
194583
384996
69146
24202
391500
944842
445073
982723
44484
978578
369062
537031
656615
351543
224421
667682
118708
157747
909069
856288
251503
943249
630226
236181
302212
46488
430432
955883
161344
184503
892838
883026
629028
763381
566232
842117
306181
887759
189604
415978
930772
109536
136109
549978
830622
163188
152621
71126
50984
210492
879214
291350
493718
946480
428516
276949
507237
899284
320149
613287
675513
829561
863035
490227
516640
39520
534953
270439
854794
327673
56395
78013
666380
897882
226735
783161
737654
111078
390850
351799
294477
704174
679319
546205
239005
10878
812014
525544
99830
121383
806747
954645
108292
134397
942586
977474
230007
653070
417944
122109
331167
500039
779882
479563
955196
532082
43299
929702
715355
940462
757112
55186
223347
99034
973183
328315
670603
489983
451845
570423
771171
471823
705283
254949
903570
428038
845769
322182
686213
218443
731135
724165
750584
606806
172494
205341
694684
410827
486929
715008
758079
178767
529069
732059
161547
226875
602260
545444
986087
228586
509623
741699
802196
749157
933830
277392
652547
91731
256891
804249
561037
901543
44579
13310
666875
318278
73274
191428
357844
279308
140444
298362
317390
737668
704084
470199
492112
395943
86362
579595
310467
788004
266384
376835
343323
588204
191953
900741
365059
302585
144051
229728
727648
489641
440168
767685
590256
671751
378348
329770
693070
465927
621006
104416
509786
947112
346461
873576
433448
546168
731234
827136
453633
166882
446281
884313
284099
342334
166158
562270
792309
421522
747431
101250
435446
752372
674966
547326
947676
479160
694430
54589
484824
331677
274381
370088
502937
19847
622681
260328
455588
566997
540458
961086
138600
731964
378518
61248
512484
850994
434203
886959
941607
342281
811712
222449
170795
981677
392459
171389
729154
216724
358254
684865
575383
390966
524730
663975
709711
862667
295983
737176
136180
694009
819451
601634
244553
473942
425067
637936
420307
949011
981605
561247
213532
285859
120862
734933
772092
280243
840545
503480
506167
710539
908592
234539
918985
588301
708054
121174
132314
232962
536799
521053
883722
497088
870727
652000
892836
672141
817653
562161
198925
889543
902804
336244
702687
754875
706024
646066
255152
170927
265299
202753
221246
503032
895801
35599
953879
303245
876506
164816
142050
469232
649911
651368
930068
32609
122739
957303
61970
284838
590067
109864
437877
852565
714517
360702
35662
848143
355787
675667
921319
727430
925098
896725
892252
958536
314393
715254
949947
883369
714200
400407
295561
311233
117461
892667
761204
501953
236328
713996
531383
234224
632813
50899
485329
994839
796941
129254
915196
220960
285342
136131
33866
682183
524855
663622
974214
936104
716890
670655
731055
504928
881274
996873
643514
921934
72887
627365
331494
130860
616361
259126
925214
988015
644217
354234
139923
99625
103394
760410
800979
434011
136425
730895
490184
569688
870029
535872
749479
886087
950716
755642
344561
618344
469451
325637
18937
541711
519700
311023
630985
97714
415184
496525
570619
493102
317510
834602
76002
625826
313137
347209
668816
490612
107753
244295
349183
761856
82800
313128
318616
914529
718399
979257
619759
579368
400055
486972
389025
716510
37994
31345
206624
569035
26466
160221
856702
405835
938580
310176
543436
956311
337876
180229
477441
620517
529868
234974
496539
567208
895971
825418
77014
271334
132973
387878
616661
436071
419322
637002
729224
786097
321019
87100
351872
812318
957244
427833
7411
160154
77650
786928
513881
645112
328250
557474
114285
394103
829005
78081
136734
278873
966423
619456
420075
292022
96706
643757
48947
472532
521968
716186
733499
889457
571669
642358
307057
72318
247181
714943
355028
846557
918889
582999
817543
150705
891953
895599
733530
54724
162641
67844
880339
687039
894141
467242
306258
277484
788649
588337
540424
737914
457833
893210
759947
659246
672192
971671
213351
269004
294408
248435
485034
471526
942484
50758
411050
653414
439703
999009
402674
610411
444055
783687
200697
568606
203959
925666
77132
426749
833466
501967
398278
474270
837248
95031
155214
575447
926890
152725
963844
143622
171784
562278
853148
485170
957718
667860
635816
500951
686001
601911
683994
257380
754499
573564
914823
783319
32897
90559
763114
51493
150115
976223
648809
15535
6982
25057
72776
437059
978618
520392
407675
169609
835532
30809
873166
632520
318029
697585
979674
510780
334565
582439
95541
420834
513686
357634
232577
119856
723387
972763
933155
871986
24418
968447
646771
500022
808980
437927
868896
950373
156214
912015
366032
911609
881103
438085
934378
186677
58124
902828
971057
14269
804927
421316
907599
755426
867428
864501
3341
347811
778346
639688
629541
736812
776257
326828
518228
625132
453463
331414
935616
492091
223007
301922
972809
149348
219830
127359
776134
448777
812497
144717
977000
300284
686309
361010
389710
248806
262588
900874
329265
619066
37475
322623
960270
253575
679073
611333
435525
758172
331617
338100
597220
503250
956828
141937
540192
449598
160764
16165
505064
629826
942927
34879
162108
743747
374705
781002
393149
656979
324388
425934
776599
418823
300626
832144
91902
900199
988182
927822
495678
433141
971047
718833
472147
486957
45871
91141
979008
17225
612164
933004
313189
999350
103644
585969
408165
762611
724178
273564
298739
699017
949449
687539
354142
951224
800255
567139
470987
104038
249815
430145
345634
345673
303004
871312
327358
236368
986495
22646
371861
451697
975104
649193
324494
901706
987043
859037
852092
87638
966596
563480
899564
498332
186997
677345
203422
46246
294225
746682
988595
230545
147952
920651
297328
733940
728603
11456
540185
38628
669065
334378
672045
353700
327181
175479
798631
581815
992892
151763
813527
860603
273414
872595
620594
811728
736339
161954
570202
501178
320188
93482
859224
53960
688688
576084
789033
658293
440007
827296
882187
222699
508322
107913
356379
266202
241523
495306
349450
850163
78070
41480
940172
931663
330217
812978
616398
505012
860366
433564
916689
185
13519
481669
329149
680175
379796
857105
879122
752078
455372
419300
52535
168943
290208
28701
945296
522421
324887
849787
949640
557215
987168
625330
742784
527759
266378
781713
805196
302168
344308
778683
315073
869026
402152
979323
298029
923207
776211
429566
29315
757556
565012
127974
933960
34749
449594
668546
792202
857248
533088
30335
92244
421299
777306
586795
748486
205409
483843
657043
209991
295313
413111
609524
552783
978885
435432
142285
599512
534414
49137
297815
863494
760274
877686
76876
626660
169190
263313
501070
768490
10780
549274
737202
709870
94884
638535
345712
671563
546705
897841
680801
264428
185587
637262
228243
433856
456947
4071
986787
280309
112589
350042
549199
301264
981268
763892
259172
804187
530653
789446
850448
845667
38487
109987
403085
679756
268988
465863
747739
631566
253331
647757
642189
340518
370054
854051
910100
363042
546072
552070
613946
52463
210556
740898
168542
152859
810331
55549
768569
648427
392943
264520
487911
888480
127718
709407
167847
657558
274501
840513
610041
332072
412752
935821
105806
439957
674324
563076
20045
97610
870667
850211
342619
602061
523204
433507
34837
602986
539150
901197
545380
248619
54339
332190
760939
487196
663429
879235
204674
925960
863683
705962
891644
971411
134037
676887
540442
394229
987985
251953
905597
753488
110173
219459
806611
784206
556120
52455
16340
585022
650855
76456
752765
93658
320932
158810
713981
972479
200830
846741
739968
685654
31194
453233
376256
372586
526286
619768
548955
341946
31561
909341
451002
550116
306008
944344
818785
46579
148383
721370
676840
44130
465695
921584
239132
971624
964512
380490
398116
841572
744069
683234
24097
219087
873241
672549
153065
44005
305223
737048
885275
229183
997869
240909
865061
724413
576144
735692
256329
253470
990157
229613
165567
775377
172657
620667
687523
934196
554161
422831
172231
80147
474450
401722
825428
610219
57307
856855
922487
888388
370242
685887
572474
959200
324913
615213
502400
211872
235861
298102
312358
710001
164917
422847
604635
923525
901877
707342
109687
210883
606136
251588
508489
267616
242078
2374
17277
280231
900988
771703
443660
243074
580623
937863
435825
221413
428383
368778
88868
581978
96012
946772
598231
643624
487585
759267
259555
86220
97774
426340
226001
216567
735313
353951
473974
578124
507030
9793
574483
593447
461997
777006
806871
309947
874375
607659
165897
427137
966268
699041
466165
598726
482819
272261
240032
914219
952548
518684
693082
249293
333529
693738
218489
480453
582310
721791
688214
50783
987142
958077
748141
821818
723076
786741
932961
175309
100452
780318
140384
725148
63093
402289
598563
149098
520404
567655
339966
582048
977584
748287
131108
183441
625164
569280
713439
125712
713745
122341
414262
840814
897361
310895
164168
523372
930103
637915
241426
304593
307222
736219
574270
751858
665666
798906
669866
225598
134845
562202
318298
246910
300264
347069
411318
673004
73326
298989
279157
355755
411824
771390
554646
225743
782083
329328
443757
534907
826267
267928
286950
169631
116481
532575
744073
890283
773253
904162
70313
276768
292561
30988
677015
273565
99256
287483
572869
234535
976254
213595
11281
405980
723989
808148
493930
422029
910642
2580
489163
179789
695662
644951
823175
808161
39514
940026
997802
749424
799250
414168
331675
239593
960228
711069
186649
274160
711291
117813
543044
210077
784674
910340
746863
558967
143377
743628
618882
440853
436245
755997
92504
575781
760352
449887
920127
572693
563341
934630
466838
294480
349891
766911
381272
741024
756402
65254
980612
962707
800294
30765
493329
265005
669901
148544
422843
139349
350471
682283
798886
12859
947595
363996
266710
814239
844243
281225
136715
183779
522792
402906
535121
484414
106056
646294
457242
95030
9335
409148
473267
780784
894902
755362
235653
860018
220808
85353
350196
944287
241816
917747
600779
151473
269766
526677
442108
696716
961438
355803
491200
572073
214332
345438
953441
645574
636313
561270
743315
525574
250817
286415
327557
866864
920767
358832
401681
42455
867650
253676
288746
366698
906291
472278
779268
813608
370824
679737
385147
686679
86179
275073
742435
567419
395151
464007
711041
952099
284652
754321
579601
986274
772463
264130
189540
311076
729088
127469
491823
697558
948950
224055
951850
812031
402644
382455
672236
142109
804637
39110
411739
46492
932493
943526
841225
748870
481410
162050
637537
557148
532065
812894
992312
461658
132226
547359
844659
810420
477877
701235
849340
232707
448417
778589
712307
236778
626636
928585
814807
833998
802050
850479
322747
274721
344415
325350
607219
712768
174338
329203
191138
774106
918618
553356
827917
666234
95514
843386
453409
552588
94685
202125
475749
664770
917540
27333
337587
665195
237970
780831
458291
519444
11872
302511
776121
44059
752719
37898
289012
530166
228682
709643
977182
508039
410957
607894
578386
281985
668583
729823
867820
443418
21039
871931
686105
540999
39825
607771
812631
770936
361483
319135
279494
436975
205578
673361
724943
581608
213819
212377
721924
108098
134805
511893
481386
680304
358707
283957
896090
193109
995513
644518
226222
190803
580947
962310
233427
405093
894884
911983
305622
294859
805509
68746
23302
948973
316482
197715
834730
921946
515190
677137
826375
626562
485741
488785
47600
446031
896322
126627
913428
546107
833245
893563
86193
675412
173745
247881
673555
582587
349983
283261
735518
754995
26109
252727
878254
410220
843194
167114
23458
687786
348743
379771
303382
564013
772113
344121
985058
862139
905414
267740
939620
5988
918617
423141
778979
578430
519962
820030
255986
883583
208251
783019
769501
279653
94250
460053
185959
390931
559135
693985
895622
828626
579130
273863
128019
684921
862004
208920
519584
405042
479332
992137
246303
323613
913464
353785
444152
9186
217343
847505
26721
766844
427527
955574
677863
360508
979878
916493
454511
767056
671561
109540
870052
202348
636825
788293
754217
130051
851866
731297
874251
311055
377222
977041
716092
414500
241713
963146
629468
247744
949319
816575
971288
878612
67474
649012
47779
785645
267936
871081
191554
136643
258241
852058
630715
657424
293064
761197
546506
468809
88186
349561
51988
422732
65559
490029
810072
947632
504538
945371
85183
402165
432610
166954
341399
481781
849924
748690
184075
722711
733856
642188
41349
75065
68421
162360
899130
100111
843653
155342
36720
854305
188029
778376
918079
315295
635507
490242
739144
903105
273316
62166
779817
379594
960450
293659
50152
887621
504326
623087
652967
322913
351025
208160
255681
287344
771884
840671
845121
920197
475779
496678
836632
254129
659319
450879
441998
357972
878798
287637
783855
526152
460635
956845
939924
715191
341203
86681
279296
664226
126982
882848
799732
762074
615100
943358
411968
514096
916059
495340
447000
430164
72077
179541
375556
13940
434758
886910
153916
112242
324649
247507
247070
392048
97509
587336
396527
601259
318968
293964
98231
390127
353797
823776
466158
345144
328703
983984
64627
476621
388038
139886
546919
719711
339767
94452
864887
752462
604925
389378
331543
122378
722131
339984
268176
296370
117634
165910
927157
345240
875358
936411
809258
241445
117846
296644
224545
76167
731381
253517
501598
890960
613039
367105
628386
924258
149769
980525
945571
560892
607624
152525
915880
642323
682453
334236
557076
770340
204093
260484
847742
627331
612716
489382
790372
982171
106812
147325
212058
234899
33124
433270
547772
148941
200989
843129
516207
994049
828720
157305
676156
363239
960163
411386
614673
669650
138840
837646
74941
421527
444238
431075
313162
16526
904850
658820
635314
472632
319450
112153
680492
532515
835761
763025
530388
39771
414753
406932
713373
877223
260411
9600
746370
180517
104131
662261
248976
401635
51566
979699
234171
413827
646452
914170
583563
857283
671834
895477
734366
410636
492368
854619
862295
617708
472119
300987
92468
81805
458648
60806
631969
175081
227051
823344
889254
669516
193666
180040
801633
26827
902164
912425
846262
201794
36119
41119
655596
528276
521754
103189
152395
676039
426983
886283
293479
303935
605228
414370
796059
8507
702255
395850
489427
611892
645182
374467
575628
937572
24652
120752
194669
509764
375978
498164
245134
3672
957215
533983
402016
301868
346063
457402
433428
907976
186788
629008
367565
90228
972541
243530
87739
779341
181878
993643
127217
689962
183467
783546
506536
546689
964201
636892
768580
54928
947526
271289
615739
14568
66746
535415
448370
373963
909728
446183
730904
713930
365239
389830
775396
346335
705563
939330
25492
259077
37318
376565
923850
531394
547855
350748
217595
49348
393238
433065
976342
220088
540567
129854
927120
758909
477991
714863
643281
838350
781343
592481
378645
26245
110338
448741
318030
876662
794481
416669
853654
879400
226290
678628
687155
876710
719639
307
109141
457983
291409
649754
864547
652080
147800
730173
184381
296667
967610
824692
237398
260383
400085
285235
759097
62047
162998
601717
491852
120125
298667
196580
853450
596782
174153
634834
669264
355388
517144
77442
531465
902394
249864
616393
570387
872537
39470
696562
770895
512042
46342
45722
655947
908220
911609
976410
154918
686318
794158
302455
475188
728803
503308
20181
527364
233226
215489
149005
475635
285422
911447
524707
352678
678217
112173
159820
861449
342296
417405
19799
967400
770136
636157
240058
550979
927168
27155
231190
784178
551657
716744
915545
754100
935551
352326
59123
84858
942587
123314
125215
943657
722540
782931
10622
940707
614121
583184
549318
33156
115342
699723
245970
170281
96823
822880
276754
628957
935676
342950
960968
297438
132847
403951
604148
296936
812578
713928
164333
27035
345775
36747
518830
223107
612138
500575
990605
903224
623236
714438
860758
193079
287296
147592
113036
624731
915726
368244
301070
894569
898277
287196
840187
582491
804352
939552
951095
137591
778156
503420
645693
773657
945876
129017
601331
732631
456937
138123
42873
510580
348783
795726
909975
218173
170633
261529
298321
562444
633469
63937
39741
606793
637155
98241
858749
63532
323829
622165
291002
400616
213177
419597
367281
718230
548077
447041
389355
397237
475897
182039
55991
787531
151497
729303
958003
661303
780365
889586
7016
515026
517968
442965
456557
625288
406833
698464
732572
235528
323632
178444
102903
770419
692621
143507
905002
843894
158360
925851
121819
901308
709571
910002
755212
5891
352187
306386
287377
347482
163945
880672
404228
671514
502709
49336
342072
362407
118439
721353
550550
274628
877046
438840
32213
571455
587536
937050
701342
814648
978732
332065
389666
717682
367089
194685
627782
697241
696898
249923
406546
225317
186712
923650
762116
999998
245689
380449
130607
929932
430360
588251
137377
686215
416899
124861
142312
569545
299232
529035
268436
564511
965602
784406
874137
922837
925756
915626
559571
884830
678898
697694
412179
154792
764204
687384
353500
224429
108749
135955
995510
400785
264093
720935
371305
955515
439268
121399
766468
524176
124286
3173
9080
582078
66369
622578
7481
626339
155137
296013
326498
75845
574040
584538
53383
544734
681944
606897
437120
825655
658163
856865
53661
442773
286486
522109
228143
545950
848827
718513
418936
547146
294384
859894
29248
207228
476548
338982
756389
101173
322714
961195
169448
643316
960792
865488
581634
926618
433102
484691
503593
96513
57222
927930
135147
837199
817163
835470
865417
357433
947247
451921
277988
584347
590144
165333
596950
594811
174554
316181
813669
698779
380861
922105
280782
911591
754781
237471
731620
835438
930573
280789
212445
536487
93690
228806
403678
741681
188146
400972
461180
560809
120052
427139
813332
331746
186605
388324
49986
261516
278142
283452
54688
322942
392205
624165
431172
574616
813225
645083
459377
655333
950003
175323
390969
272010
528246
432573
428539
295196
99671
133399
7757
349633
680726
671321
928667
788695
530075
154136
835834
186067
848964
380219
203183
202577
280054
148363
394390
331987
139112
799148
953377
715456
390398
876669
437235
15198
535191
268387
564644
52583
371388
853533
888543
181723
927495
968737
333838
589201
446649
399265
170896
577841
518793
538012
276061
308597
959261
821580
111844
943042
513220
936732
718262
978438
180465
88485
157084
934590
606159
974095
326770
704442
232384
498884
952362
224988
757917
865999
318487
112558
824697
414564
576190
713026
879184
40327
464824
984464
735331
521689
55652
385089
782700
164960
559362
351262
116176
906953
33682
950693
889874
312416
128689
683315
378719
758590
314047
520305
581371
905248
269525
800926
986413
90574
174445
868150
920097
744758
568716
220807
512944
420316
445085
29096
91713
17884
583046
645537
801433
178072
931054
656582
51714
64015
988081
998438
226056
17443
652586
263431
360389
254350
246341
827297
119131
250039
434667
321175
632516
54063
378707
228947
985788
306737
633149
320089
825433
82949
640467
131783
463159
384576
258598
521276
140340
311417
968510
442573
444007
922933
806522
690340
236811
536658
100964
913575
995113
182641
479242
563595
631611
606307
241024
59077
408540
34101
204487
560255
839870
897332
244528
743116
440499
549721
55361
289190
832098
571979
271825
626851
458297
690409
267467
794664
999851
344711
198580
956445
123300
667475
523178
923835
972319
657129
486310
88354
406968
975760
470688
168317
490275
257618
444447
472371
34239
528667
935870
605534
824524
235899
982399
330863
461913
974430
56115
963892
511151
751784
310846
916983
246324
655135
304844
543716
957059
152683
38316
39449
969620
405065
992264
984814
573209
484013
687748
276579
544558
430339
640391
866212
550807
853278
947607
52936
365664
563460
982156
75518
542758
851140
481713
432835
297892
150606
535226
680986
792104
551498
402429
269575
420809
226173
611670
709903
811518
555290
97235
745909
612163
912700
875702
807861
986528
297258
852738
159733
172507
612356
201467
912509
1076
236305
94460
208333
162844
99519
622774
336502
466210
337041
833740
788837
4166
429460
998781
673984
937624
84621
306412
765762
290377
494866
104064
779780
834193
690975
889527
980365
805476
669773
756623
581354
648967
165291
453844
184005
383347
904187
646860
806925
676764
708160
399147
864404
18510
326929
565372
397116
291314
822398
167286
429117
934809
455680
878371
841226
856844
696377
133351
585059
873592
814401
414704
792026
642798
552227
484239
398794
781415
627670
635255
505236
978189
45455
676375
925017
106905
225281
119327
938624
473231
372109
502394
27256
281377
36086
469265
398558
475830
137900
570833
79345
976595
958267
917389
569505
81851
614505
28118
688483
371323
256585
803278
735173
293209
41333
918072
622351
984393
251141
260008
7103
484460
489999
215018
662913
341897
313178
495803
323993
574484
16397
236702
926561
834024
886715
14132
884049
943690
517798
717906
505814
730936
80931
898100
619864
902046
6555
739180
536461
918341
71343
970745
431625
35447
140421
528852
512816
573256
491679
75356
500580
565953
230095
515255
498948
467327
951248
535488
170395
918269
20344
476595
204651
262389
675280
504724
183232
624037
468311
411412
637514
76449
336383
37706
793917
312599
21325
557444
712645
264738
125630
692996
419798
152727
742623
693118
429780
263131
899609
706890
251505
684800
600895
591715
903220
340646
110604
570748
957762
505580
916372
110005
962619
198394
75754
694294
992767
229571
473274
889454
377194
227310
956360
732136
148562
892933
57500
991956
336133
546933
443960
360538
236481
87372
270600
304442
640948
294590
25997
807587
145612
728909
812366
168129
364297
78315
674404
435693
969390
420315
259187
617325
271350
701084
623862
809886
891471
887322
969227
451910
856897
523746
966292
15571
251994
295942
612853
170924
341640
847027
158308
824675
590163
513005
690312
996649
587677
342525
886299
229374
794009
32155
784396
381773
45249
78946
451827
631633
894042
815614
762907
266578
919382
300185
419329
427389
119466
780849
705954
310901
527642
444030
674853
739560
587859
749527
662319
841092
476155
180108
971724
353146
27030
803247
673250
888087
177080
390954
648692
621915
969603
121953
576816
940306
5821
245102
393060
834794
493623
843723
731118
885931
669906
358534
821984
293707
482072
574066
387711
260768
849523
712492
215446
458714
870413
968472
243415
753610
22668
462881
610773
244973
367177
950291
841342
524877
992211
318023
405185
247301
804745
362481
863863
121157
30492
396345
575610
185673
239296
300265
504126
473523
138410
830120
253264
89482
536810
850274
964543
25873
459069
34376
556171
987970
663577
370929
767254
22246
558100
906593
786160
458679
204900
234768
478586
414633
484738
720158
522336
282147
750561
633005
578864
851621
205388
810136
694195
625571
550949
991000
587398
517709
205978
838198
289172
5471
709577
243341
396117
895087
739705
32390
302362
129078
403106
436055
579702
75431
350071
846996
685750
532151
86758
329688
837553
882680
237739
287527
951628
796715
669357
228724
27209
670991
283750
295341
380650
54429
887225
370160
898911
828622
855120
608348
430674
993949
390843
804588
31768
578268
737094
249463
154343
901168
507590
168989
611917
168107
25751
978878
625780
221811
760734
428191
232828
350968
7191
171205
422156
434191
506439
915297
666907
86043
257533
578771
371180
655754
84895
983606
44574
475331
878907
644617
197186
266939
881830
254079
22259
943402
770048
816409
839440
289061
762049
183661
324330
655026
772221
705625
582354
302237
26972
428546
335404
1587
917891
454704
111866
616102
917364
405755
457227
452466
39524
858257
39208
590867
918017
765356
236993
664384
731855
806199
696049
261645
166317
605849
858448
652050
807276
845999
407611
80149
905450
790583
57113
152434
807185
987560
316642
777043
286201
261467
706168
272670
829494
891027
237853
880654
834869
476625
137358
601058
355467
924540
347312
667162
586094
165997
106782
107799
689170
897439
924934
979650
781980
707635
594763
725072
565565
67673
265376
211206
981306
711254
220034
62817
72228
559932
233551
971140
728495
178170
44959
440598
404104
511213
441660
855786
249225
510398
774333
169295
908931
818645
304391
902966
263418
555512
890626
961055
542088
275290
74637
943688
414335
652984
927422
1889
705346
827473
387930
181607
921947
891687
684041
954802
940142
814517
324301
413207
683936
931489
989338
492602
60052
335371
965941
321192
17802
372740
284819
797226
149721
684913
27264
917577
909307
446128
677303
724604
147518
305625
309476
620836
610994
591547
405472
190841
776109
632663
618123
713881
222557
724171
790251
386451
732955
270632
302551
470176
64887
231479
724707
642149
19943
836283
611625
56448
282704
850091
743917
725978
157711
705952
610122
539078
378596
90065
74405
127065
454709
422256
41967
300666
865032
826528
483449
885035
517681
235117
705684
237485
349421
101282
137315
347014
929984
472907
212320
996278
399147
604182
386367
424460
787758
748657
920867
699944
977208
943310
677055
994149
500758
159391
552944
4179
304817
260560
327635
808257
513916
477531
263895
596984
368480
718477
849643
284339
157528
847806
996352
314930
587592
849489
808045
254417
713723
875731
451965
398626
121811
91956
133776
461862
344195
40002
240332
718100
800357
229461
773626
265342
690723
552524
306400
390754
737802
462602
657786
135341
65410
367830
507581
601479
547306
879905
798588
474016
660554
366210
241125
443234
493960
465833
831226
5370
429771
18047
685547
84653
893607
299013
431405
631689
211009
719569
20334
229649
868991
96416
316119
185686
514355
862004
399819
881074
85942
962336
261464
831987
319196
397577
346843
754055
128728
351941
360858
679790
997807
182948
874842
779192
775283
36659
535735
54345
406814
187840
512411
542327
844246
683411
845743
71376
161976
103216
278769
936471
833206
514450
824645
634452
785957
909843
871794
39551
183111
211967
433873
503257
136875
889640
663307
133978
124973
277294
766884
802844
975032
464200
972673
884962
115027
797891
206182
805737
476160
439741
938299
499290
786618
124359
21597
99611
923311
472599
988169
948237
544714
234839
601930
847654
936508
869918
848406
446260
998570
846748
970480
691298
710316
175032
597994
371029
827219
827310
215298
284976
663122
793727
992488
766929
918082
640893
813853
541464
299780
355296
537402
896750
250888
395612
526486
838442
911846
468556
681190
111349
275785
369375
831907
916880
887379
448551
273915
333345
913427
709228
917709
702653
824064
113282
930413
417037
956313
534796
911185
11858
193284
228352
859100
345364
804947
735181
653316
790557
42511
860722
100680
925800
154969
732185
821985
370111
322542
714161
44644
134610
982213
732121
173012
329095
26498
305147
708753
805611
372115
816299
833933
544290
917905
39081
137553
749696
817058
117926
893050
710223
83403
22004
292279
672964
580191
806387
182428
503600
27853
147510
199348
181790
718784
657168
692485
770762
604157
620981
25662
262070
482692
252026
687692
569094
356155
404791
949038
931477
513801
210170
164284
290221
3962
80303
54600
963881
914487
109564
696786
902697
487629
18381
746034
660010
795688
989121
295625
23512
885805
981613
359723
511138
730406
595676
879034
845174
871474
836982
298297
182301
572380
993399
598946
914249
213529
906134
518717
332128
889104
611619
930141
727099
70195
113269
987522
870878
266560
653376
615149
491619
524773
212293
119163
705913
165801
632225
887334
506293
741581
911672
426819
758039
309328
927272
439794
239978
801539
141608
476974
527197
798919
881930
825310
198110
118850
146017
456594
832916
842029
651678
507625
942745
998865
815335
442499
672975
477217
321141
977622
680724
199321
185595
138716
535224
250670
647381
600165
819596
220080
411002
862516
118639
172727
150155
682574
414252
92809
672111
10058
514835
276518
180844
940987
315024
54769
625363
794108
598214
852524
125275
83187
739668
767093
228996
213746
200127
513957
426448
114709
128601
410240
55245
125301
327154
405600
938353
123766
326170
415790
76264
682550
302514
551975
357955
559255
945876
694963
430922
40773
524132
816426
467180
572380
633240
369237
347465
50987
57191
29158
28228
510912
859348
314014
476966
244632
81213
36575
692003
326226
440439
374563
6847
327104
127226
286132
723911
780969
195583
478472
592318
493608
344698
414075
456325
585746
284186
737989
278333
314444
742330
685049
381659
727847
909784
943639
952635
351250
329043
988415
581753
241135
310518
267761
826778
930215
228141
852479
438690
489596
978367
508991
483791
774717
526430
912876
686919
399398
97590
398537
774961
752476
669216
229246
190339
413101
807389
779660
768343
730253
118751
910083
676223
681142
586153
5229
139113
171070
689707
639526
254953
257657
773453
878903
588161
706037
812834
708568
735617
358706
42520
174922
537757
132800
437236
607924
248608
167497
743073
212222
81188
89820
933806
481285
313974
821346
449353
71264
758062
825724
184333
220646
183366
304859
830583
857496
358991
565532
226095
948341
357668
182001
878053
704011
118313
780292
344615
516576
349209
909468
497675
796893
217938
668163
225659
791322
417519
569568
637223
881573
754710
216575
205857
63779
478884
876322
596980
907215
135785
851372
995301
273008
840331
976623
380239
842481
113449
687753
920016
18296
298127
445759
120452
124739
727726
120486
744308
793653
949701
321572
308763
475726
433961
648836
221393
609103
205099
755384
168312
529354
426142
842442
838746
619971
455310
139198
798657
851752
789765
343098
73517
287874
435768
704378
358133
935894
300976
729954
608628
235320
769508
185014
470109
145922
414591
807073
399179
886560
690591
937962
74745
937780
269355
723641
630141
457734
724696
368815
200277
220255
168554
558497
723444
366603
521012
372750
378575
904209
527591
856068
89427
147891
229661
45715
272155
887053
668940
167158
541739
643402
49131
271043
34172
19482
424341
564341
333682
882345
243321
536039
642350
320468
313949
15944
99404
156523
894327
914033
301802
122789
350940
306485
189060
355878
60019
960620
437634
839915
608890
453498
109262
897947
162902
224331
469513
151557
553803
205384
578712
31757
172573
892086
261007
359534
251888
328968
435950
854363
517953
644869
997232
774793
588354
346791
933796
575076
134809
134568
418534
442055
645684
427045
189748
889726
158568
339084
677852
305029
374765
655485
761760
703017
489483
420766
504234
965786
549701
334981
970277
139126
437207
276545
631476
19351
547998
233178
920120
499975
412022
624304
225593
142796
281836
374809
275301
739932
775320
68629
593180
462487
319528
339361
273967
974880
793644
959568
993615
154082
955485
875370
759539
827771
33626
776097
482323
491705
598624
783625
173207
452677
728230
484257
644374
340117
762098
359139
613030
280979
367825
381294
286215
407784
421546
826848
25771
632689
897802
318629
445232
955447
811746
806215
688548
770342
670811
375496
131131
674721
491937
986192
603094
535096
964439
352638
438764
310673
628681
196919
418901
624775
715921
840250
1004
286937
967393
899551
327104
254910
976284
313729
134101
368723
957798
525159
495968
156377
132130
872351
836188
714173
637850
273660
858259
856867
297462
879861
912635
475305
920769
741138
524157
556365
40238
332136
528026
484280
345233
697903
607460
275250
497100
396595
588218
33328
892232
214705
934072
631775
536328
536092
199250
676417
504509
664822
890518
294943
21208
597298
172009
58271
792480
750341
540949
439002
253547
786782
464
784015
460531
634737
147716
504717
226078
827087
712515
653008
480957
87461
347558
855374
16600
848290
155079
278251
570638
143162
690057
786288
882458
656750
89125
81955
661486
174075
261657
86634
847008
659369
83768
45878
118147
389277
995574
58236
929458
300634
599802
711729
382694
862011
442742
723915
735522
763210
711564
516542
374246
902160
873839
609654
958157
439233
967017
840530
460742
540429
290501
147832
753625
719028
74197
339503
287014
125013
921181
542346
804763
145964
913660
883722
48459
240745
561048
178778
376513
430361
956021
341077
627858
884820
472552
285669
132408
662334
420202
623876
222011
731166
337811
942916
161932
284521
419065
820174
845399
415841
613171
959961
496486
34910
415726
792507
438488
132500
543439
166901
885928
894651
868874
542508
944313
104597
428879
466011
572367
214825
41086
977254
361927
259507
604548
727304
735878
138526
631749
34867
293984
310874
886481
191544
354269
205682
922864
407243
742141
334560
70733
69829
92245
173325
431953
425000
515451
746324
922153
898285
204437
603479
197273
154435
356671
134373
56757
493277
12212
374808
57396
827622
406904
536470
587984
622317
761689
169811
64983
788056
414674
16297
222702
400584
203739
853111
402109
551938
600224
133792
375933
808964
845574
584543
529367
649191
33964
571030
162418
768993
576214
122853
175410
416701
336408
493199
84903
87380
278558
560398
472751
582332
188572
576915
399421
940251
183230
663584
64105
790530
281048
934697
291954
532478
306507
807974
835343
462854
225259
773993
947225
785472
843921
463899
124826
843791
683896
333209
908437
249779
825422
350400
166512
185331
830739
390084
975605
599785
916104
999719
49407
457882
114795
774862
195978
473144
493814
387807
942344
793989
606268
250982
711618
211842
278934
281265
337475
222838
939329
233081
951769
839104
82144
726427
917717
822212
987889
465279
430833
835153
312229
307018
134234
709153
80443
947779
495253
228027
253793
772226
450862
148791
926111
514481
438891
315372
644703
472526
337209
818311
29077
860748
422700
950885
613340
846774
868377
152345
720965
311362
556504
617253
201127
614700
103515
169226
364548
189670
447867
184672
959521
539758
636777
816778
825358
856969
321956
661368
577764
868706
246362
894689
146907
37879
722821
521846
65860
254974
580415
394458
70935
344701
195504
68808
75827
303613
594108
121798
929161
521465
472687
708753
924921
179836
112155
139374
99505
542162
609019
181033
452121
143167
344631
23222
150799
511105
223389
951182
550501
748596
743612
2478
427274
42140
115424
684431
828843
564832
603356
27216
460188
127899
656419
320795
704068
600614
615496
800031
37155
69912
482684
835996
337322
913308
849392
17854
384949
3951
311455
11350
323045
247330
512308
177561
356786
67499
357668
589844
623751
92972
806440
140344
640806
218278
544442
920200
504437
734798
645960
878832
774645
399749
715352
136627
276077
775146
890488
300034
382928
834973
446346
677591
964869
258348
387067
672276
692498
571893
205907
40499
844123
955985
110114
914561
205897
580626
586145
569371
27997
358518
170235
414435
554929
77622
528500
256992
854441
158536
21796
605750
652290
302423
610
846407
806053
769933
182484
746334
253351
666443
201445
331518
749085
699680
128853
477390
321522
117510
6079
325134
110916
922980
687574
645258
173351
34341
572022
975205
835858
916418
12473
922571
283520
691912
426645
143225
46936
742397
110972
499687
625100
926763
178505
975461
549984
628707
726931
920650
915885
362150
244390
2420
563831
227021
910108
871655
813478
716206
564817
295646
687192
933578
146600
311544
97807
508002
491892
306498
8522
84061
924287
842970
657240
470409
917444
348207
307308
864896
997137
176460
108058
660898
280457
184115
381757
45606
201879
25740
385172
716879
311128
297123
711244
355775
373515
44318
190186
814596
640834
859888
52935
653517
256267
845321
592157
892805
360503
602667
791335
525243
990051
707758
701822
878601
525804
478505
782394
570827
718372
177530
479971
25531
122451
691338
71257
838394
938124
483084
468893
370258
939782
417683
717949
289575
852833
719536
254066
435226
303438
451193
992580
163026
681108
270467
348311
114075
742260
136519
872606
294647
304794
919204
771917
662595
643594
692511
850864
500703
719875
903580
75880
758719
205274
508403
950538
353259
145272
156196
983797
153303
791739
244221
766422
413818
259253
947565
546482
509496
415767
430779
856362
817763
523799
199890
436246
275557
768976
912643
6055
328595
793172
518290
888769
913734
201051
858367
68711
325922
139756
380348
633379
917006
364885
573849
528097
847800
653367
340034
624901
98318
98612
224004
785613
15009
12998
839681
41931
806993
278411
738398
466200
254536
526009
928514
790340
124918
532864
480369
879183
348383
192736
900923
763853
212307
147225
946394
110286
26971
351890
458678
277255
690271
349348
40672
338448
70040
457713
721474
575736
151068
105742
762038
499251
714403
414242
262427
590466
409522
583447
736509
466515
901395
102602
667361
902885
402142
187476
607710
213678
254459
88047
343845
707022
880127
527513
186014
682774
494409
865094
576808
854894
711815
383785
952491
797043
509372
81918
770411
715591
336796
602695
862405
595478
341932
516171
805326
519813
760646
644842
980107
878080
557132
619407
815014
382694
951499
271259
311440
796269
930703
939294
850079
528670
549317
93715
107748
310544
460032
818391
620588
493843
760884
923244
724069
898512
666009
250886
245440
603099
966706
794767
595782
802194
902931
972484
948265
802711
74855
230344
711949
985493
996869
843211
813019
67985
456079
405524
504779
262606
337143
480347
609007
778695
577340
359670
263432
648017
127337
875025
44731
841596
884969
796088
783887
399840
23656
838482
283048
328350
286939
109880
927940
747632
372005
518694
700729
772913
592879
279185
745555
995887
382921
788573
126849
139865
731925
562623
34503
171677
940469
203609
459059
7639
749357
848846
797303
361091
586105
377268
643204
225181
764400
855807
78992
888217
352309
308083
41155
768231
455395
671651
914218
455667
768044
503846
957071
335944
824046
698639
484983
51484
496015
23923
279290
486561
176656
542467
664635
6694
968683
601461
715702
87814
964057
179536
101486
524093
361567
762050
62935
559451
570757
919333
816725
422594
295450
82784
384873
467901
19297
599084
842725
394787
146155
364574
3650
809184
153632
194043
81344
920112
815330
768190
757818
959017
429534
309533
118765
171912
704522
177755
839313
576908
982263
925283
588458
36583
96662
698618
708622
871692
42433
149543
148208
775382
902785
337911
74981
43795
683761
263334
426668
656943
680708
893576
147262
602013
606570
911626
229334
949138
902621
323298
425190
251929
779362
379806
926921
499628
432867
142499
379961
606532
823199
205170
548114
959709
762786
125414
610428
134269
577951
300496
305483
504698
594766
618630
890291
555204
239475
920919
541239
775363
786856
6133
187617
538433
214090
299982
663994
527145
87955
632323
200613
739084
935661
147051
107082
104224
2733
479621
653411
469856
791229
598365
843787
405171
576516
768900
29602
195197
776266
914574
425622
29871
488311
86288
814104
51847
178118
574203
878044
492431
295283
101541
605743
308530
605164
620770
908961
365711
15503
369037
432226
543150
931839
607580
423896
40818
123996
350767
638030
411804
840740
481432
701111
922584
498315
46626
886524
167652
666830
510297
402422
890677
398445
253432
4042
30758
451969
373377
761483
897559
630538
767413
598324
868125
887326
283534
602243
313828
653447
156254
55788
262929
312655
47280
952164
292863
342206
979493
104415
595204
944912
132962
473232
496110
361115
666387
661734
55575
916161
158926
48375
858402
61225
358731
471223
301707
509389
653552
94731
216486
857874
776081
256131
411886
361214
725363
721425
465417
922129
16781
616495
539024
358061
598433
688269
639810
581914
721473
214339
119291
248777
341842
298534
721479
651264
42821
348313
281649
500956
230678
944683
65814
156847
278053
539774
374149
115074
707767
6489
218739
587091
832617
572606
363771
474046
986307
991595
950546
157776
924753
665536
236132
925684
26255
845829
567978
961242
927690
736080
496365
819405
704487
130518
72681
409436
807883
215707
574944
885078
540005
431819
697017
673171
419024
670225
162029
469328
924504
682347
616860
796099
193948
42188
756598
428815
996783
234367
823132
54747
381027
646213
814813
282016
535347
927030
732591
775223
284350
181764
758885
824660
592719
895526
434564
342024
562040
978224
567248
646167
875472
335545
484325
260621
997214
564887
422054
992758
14841
200177
348449
96277
738854
384160
219350
715971
683643
763220
121956
381048
73689
34227
809881
313414
246133
749253
465768
59990
76604
726793
756435
851532
570871
204523
844506
980272
885267
332606
328868
775537
497411
884162
33528
177114
101774
317333
83869
282180
870299
262716
101262
593213
300937
48760
667412
264139
356857
52351
320296
577196
142481
888808
840046
512295
192742
134793
30691
620744
531859
778553
917192
452127
608168
678296
687179
938776
188929
192584
369689
400468
943860
323339
224876
552821
455863
119354
337732
553622
36862
873365
274271
260346
597798
841007
899012
430184
160522
445319
620085
361648
997137
384457
784076
746352
645837
189425
513368
995461
307964
919128
652519
763372
722036
836663
671372
944405
863103
625433
29845
405297
30150
37988
944079
925481
592160
504105
837937
363480
692961
721801
13813
221603
127220
308096
177458
385541
901704
6793
315429
611449
868505
872324
67159
922878
510847
389899
394705
914055
390085
827978
272776
551895
1031
495315
107753
311381
825206
932035
541695
368462
975893
691004
566557
890064
91410
726639
87217
450933
785986
902505
341927
578071
611057
262335
682727
193044
527198
835033
267495
220843
791866
565985
671825
94286
420092
215821
925796
337015
715773
181275
677730
700331
76484
464477
207637
749129
598239
121657
673361
236076
451733
977757
318180
487683
265797
853185
710390
869884
112687
613028
959354
108753
148889
567157
702929
310771
847571
136606
304362
371794
471838
600874
915400
786381
520159
834914
983896
458883
791774
223106
376505
415752
144985
670984
91009
178796
440982
374559
627413
823956
680403
973690
750529
897722
256986
487912
174405
676768
328624
38921
686278
176247
289933
30420
762612
17170
500383
484521
636635
19670
684704
951810
567174
779701
538261
711769
544386
7180
455457
798177
676323
552255
137605
578429
651583
238366
510862
652862
98981
207109
157587
129239
98061
25932
284889
305065
791089
723570
921554
246013
642962
596767
413722
49335
189911
762681
903939
993501
585696
373359
486015
735899
709379
946554
413547
399261
944202
600000
452912
495176
318423
579749
211521
9960
968531
19995
634268
267918
21548
486039
904305
761426
720174
279362
489093
535881
289955
996702
643122
792348
917091
990861
545207
188210
92808
577884
977397
696
485430
21802
673452
97002
81067
153113
337414
782661
746029
888296
481543
461670
154890
516113
209152
108330
879785
2507
838102
568660
963699
744831
225410
18625
792238
981867
259802
471233
243273
669036
518125
632085
489835
955212
433114
629634
258305
651218
109793
626205
372459
611028
482945
955410
505921
26377
693559
51115
887754
2805
413703
557260
933202
786143
969977
271856
671800
713613
621755
550962
280947
182642
128671
245457
560909
912091
636653
723272
113416
256637
642001
993179
413884
536895
655657
822274
726261
530626
2705
518217
703353
408670
455007
594256
345607
210659
694925
814601
835896
405390
397767
871347
914226
969440
24250
781196
629375
317752
500507
764951
138324
942259
509361
195975
161597
342198
812872
152853
286605
760327
921496
818054
8882
364312
969228
199645
168210
122805
778959
63048
838471
990492
511352
274265
355832
574724
878589
836611
254360
970878
29160
725482
985313
668284
927697
239032
389731
374851
928038
347269
290786
855027
502905
52483
90187
345119
294437
951538
493098
854299
548737
854307
518089
805577
282371
813916
413738
190209
180076
173354
746246
392997
327294
258319
37701
332208
157402
983913
998119
438719
972320
400403
878733
825312
201298
839983
265415
836302
883770
831250
838001
486134
564339
716285
736992
478161
869174
177302
783937
93628
149021
150349
223423
185379
635526
526303
333972
13026
304886
475313
340119
420287
652850
408973
103281
718693
409924
636952
806613
859200
684665
997256
243077
422575
801422
513689
247601
184136
710264
541740
375987
889989
302689
853528
919683
761305
574090
73053
386580
82066
93898
256140
520886
327239
766231
642778
881664
29630
31820
397126
781723
889244
168517
273543
591177
760078
160479
525575
773089
504000
711179
467453
840390
697961
382569
236304
397112
170990
908398
78491
297370
522806
233100
272516
781201
311406
824997
809390
392460
897708
770202
371708
503059
479541
640015
524226
67812
736624
844370
413250
215390
305347
288848
312412
785018
52681
585662
471045
208485
188221
266865
687416
139829
688349
668268
225240
851747
904770
356144
911424
61421
950528
108528
190832
268338
332940
998055
799368
844585
947550
176602
105497
105683
138844
303213
111220
423470
895733
643812
768682
209480
174329
409020
523355
780017
668445
916560
25371
478151
867675
958399
754635
478538
505767
524249
628335
279219
622320
290525
909679
473344
641813
231055
602570
97100
89457
275303
490475
196568
682137
178634
951939
462446
948182
102143
988526
393292
693610
399039
295697
859673
221681
31581
534389
389808
389533
821215
162065
909210
273578
433728
601967
503815
813156
359843
183318
756714
768994
978372
562370
169543
60286
819264
10878
789974
603972
948735
149650
448127
577761
142188
348495
258653
894625
807298
158197
648630
85504
667359
132273
35451
897394
12624
305511
240923
314883
532628
587873
970775
707077
801276
883175
888148
268321
223555
755836
377420
363426
223098
438280
357309
768976
219170
780194
495192
521927
423900
75591
784519
99775
307841
266567
776674
197913
217293
21803
268205
826355
744514
947235
992988
911849
626965
333146
95693
18251
404692
679948
539435
233774
800792
365962
653054
381955
903827
999719
155217
431114
473224
358268
417819
571266
540305
831362
780845
714851
573287
614751
110921
871517
465519
858875
733861
258084
369579
575512
309566
124897
219784
262801
507036
327977
639809
653340
230072
810185
78624
916348
254792
668949
992163
773381
376948
583642
237754
36247
461597
758440
637746
843695
151043
547086
300662
152409
664699
73435
398818
979516
914937
136794
933766
540498
978116
933889
641565
888295
711972
405043
983166
75451
933155
839637
411820
163905
175864
265391
190341
692685
727514
848241
546221
339485
224559
473219
833676
201861
391646
123115
878591
579912
461699
655101
289024
173679
89063
703083
776662
427590
371422
220402
960998
325911
744055
414596
8302
251129
594621
591427
65814
40424
660221
430025
39472
238143
899633
368639
368845
126867
415391
250106
907721
986301
478575
225488
650325
68872
635610
216426
448442
483769
88416
767344
859467
134286
490006
310696
740085
286845
219575
1261
32628
342424
798949
326641
227329
300219
36513
277201
569519
855797
75124
356968
432880
871561
146732
889624
769111
267688
314236
527290
206526
969794
975930
320181
200586
745991
998601
82117
757469
156064
86686
90845
643747
218526
175054
694219
545599
716124
886241
589367
966359
648854
678158
71595
134027
924301
862707
795435
509468
761519
155968
166745
212348
901093
930063
832011
33382
649474
640606
696002
14508
215792
170832
291451
840506
605592
580841
169756
279585
311931
584762
629907
848051
596716
671765
839804
511066
809392
604032
495376
250261
545656
438125
640570
398433
668956
475385
344770
727695
745363
676473
577991
808716
697978
91855
22783
160343
112638
673578
952994
252232
983768
728439
469477
507535
780861
199528
74019
971413
620931
411437
246651
706348
84706
359495
274630
578530
328760
935354
494603
193788
903842
802024
213133
309618
820105
180824
347328
664022
917206
58130
622319
820375
617919
631892
359242
842307
721949
586273
356630
61959
885899
446470
84677
968565
673689
707639
694107
194664
702708
926355
540149
242249
255399
664597
388838
986655
459954
649396
98948
495707
485710
946252
884936
723109
69041
894536
988815
395465
404640
264347
557411
272960
60250
222539
355877
448582
554182
176006
80077
387208
639443
205197
971941
256090
727761
978926
106857
167991
509603
690407
970089
162523
62296
709294
575272
951320
280346
592609
739391
179793
391617
57439
576628
443727
462048
67600
481118
14125
411926
301014
3121
843929
431932
269221
587895
602567
972454
70884
736711
814008
250987
167371
243692
961171
725983
950728
101870
898328
890894
666263
217587
970997
798132
448365
601635
740236
810692
961969
749479
114298
314153
449510
204740
972033
20058
395095
291967
271959
23339
677195
582486
535340
95350
320422
256440
180860
872589
71526
57264
531690
928007
531581
954929
384006
727920
747017
332919
262932
717375
377690
285862
981637
315305
997215
299551
221358
780462
859197
273662
284481
716932
516767
375726
797191
659600
890722
620353
368044
236505
298544
818979
874514
157264
401867
788624
361570
27018
157040
723626
683861
182206
950384
619953
881075
130306
557548
396877
901017
44286
196114
311293
295752
387326
203218
667486
910799
692353
374943
232534
881699
766241
148938
