825867
424196
487781
233401
752084
620982
690253
749652
620801
693608
819578
506643
449409
969060
255243
911613
493196
249189
743733
552211
523843
671161
876020
470368
10347
531052
6156
581442
603852
609079
45797
3674
977935
447574
610970
270809
628515
408326
130591
53936
154970
416565
789600
809637
958560
666047
551248
997519
75903
162096
778146
964241
902367
612198
469004
16418
184874
60365
779742
63207
690220
268035
505859
607780
865370
760097
205358
626446
79600
174769
146457
825998
629883
623541
512821
472400
878597
754736
645546
938432
874392
870854
978054
384413
245013
837714
854048
22968
957602
618290
466451
881229
822947
872914
428297
240569
124980
28923
990186
766496
883836
227803
611397
223676
968574
933020
499307
860114
889085
333344
212696
58502
862949
793425
810027
591804
269848
777373
555286
992838
8855
232586
277450
92257
833903
611448
674342
756706
909356
402841
95655
961653
173723
593535
666544
954204
141565
255920
830876
907002
255075
174228
278990
374000
185243
691751
454707
131661
719419
148671
891418
37286
37569
717288
974076
576474
770393
900604
991334
855704
347029
43604
832735
548030
141807
712426
357328
887869
214042
877472
906069
206962
289000
936035
954475
838861
710688
363048
493812
711543
700925
370788
424760
426645
950681
489676
350120
925162
179204
491399
289148
11447
974503
155816
420588
94564
535919
607832
131724
181664
542149
244710
265931
734801
207942
197759
547466
651023
519369
786354
113686
233390
942694
10216
373391
295181
502030
106325
549908
458210
972797
840924
971693
848174
823439
400341
300831
591988
913769
14608
772478
343367
776019
259259
612842
509123
643348
88832
91370
305654
799915
839373
394997
690180
883174
884570
127032
899270
637871
434450
652577
26338
933069
406412
66395
677411
508120
664234
753161
235806
229332
952104
847135
805645
582932
761533
80620
56253
375672
141694
682991
851216
190134
956357
718409
297933
619425
854436
410680
515585
377146
113367
978500
914782
169405
92878
692827
396122
311803
242584
126242
429695
8131
941876
506803
926371
577799
949223
441977
645366
664652
797225
775766
150956
473778
927317
256410
807654
401181
17713
267880
949436
426775
679648
775549
45884
756907
594396
673093
88424
901210
947914
426755
382910
482176
499343
745899
527360
459568
501374
223503
924097
432346
590029
685027
489256
805310
67249
95316
680461
299750
305053
490052
597883
189658
868756
570681
768936
928367
573607
938732
587959
497291
546268
438495
786071
399012
869581
638493
859338
525395
236202
758007
725910
527607
43402
761277
726036
748170
69295
843990
471065
450909
420995
609776
123002
649739
236632
415574
377915
761744
479179
678802
59173
188317
691867
742239
223003
534737
980256
407779
505892
191882
875065
516544
419986
758078
187338
548225
82957
812640
742133
929574
903969
557850
615157
996374
765154
592966
358317
825997
443742
620247
886158
685073
167080
185051
674257
350889
575721
622615
610277
99973
912507
922497
825970
90859
319255
574659
328830
694049
275948
807214
346072
979352
842694
882899
884362
1253
695390
134294
346541
558401
47722
917468
960072
608832
751735
732456
64590
560727
222297
900431
917635
463519
198350
332503
701072
256664
659346
551900
359982
418446
52286
803194
412801
261786
380689
985083
976402
577699
550456
293634
4160
566050
85197
748770
844490
701748
34387
420861
316439
74200
227862
988211
40919
517943
593127
43820
169042
715736
178292
921432
974662
133480
616595
256550
163848
185282
796858
574304
338948
177712
921722
107989
211320
420208
956170
333503
200738
581973
899337
238890
723142
796195
757475
40931
60014
356412
213515
203199
711900
117713
181926
929738
795133
648626
60843
342432
299061
998173
661194
483533
813279
896009
654550
477170
3308
283027
556266
238256
298915
26915
679089
940626
244447
816620
24742
632168
658320
495911
7273
321355
659894
505026
781055
362592
407221
529610
598020
390128
983226
432792
776609
814415
329970
4711
530555
3091
939933
888104
538172
981963
119032
677621
444179
697157
831724
236937
547512
398530
58931
574752
923296
318008
502986
94350
614337
237590
904886
612466
771409
44880
688503
150187
384507
629879
320998
735199
731903
505837
537761
530129
674553
450447
3434
369263
452535
33934
508857
555140
226282
986046
605499
111910
277764
260054
221875
680058
228711
234377
743911
557758
552774
643782
263402
501104
36105
419594
190618
964852
231115
646931
79105
175833
349417
150211
404571
287995
475689
109336
951695
352098
956932
243144
702305
585280
488257
848262
210974
632710
888720
807166
133399
588426
359305
91267
715542
630209
784310
655031
445845
551533
477107
58934
455452
13005
977642
214838
155664
839148
284515
250646
936813
192577
495148
144550
399011
738
748309
710730
277733
62162
614425
549154
764787
324610
502106
633326
877206
552833
669189
375907
828880
686578
978337
266889
873456
549790
325692
906905
322496
256574
611246
717587
203618
285007
713140
18601
306193
351148
782987
817025
748117
746160
648188
639805
78681
287900
982420
74507
813062
290869
381948
65094
251194
324528
153773
545087
680589
237282
817299
187835
7079
494338
157385
464745
128936
185496
849514
533897
641374
108785
516487
184882
105826
510499
121646
115052
812383
931542
318820
407846
883426
694252
194086
611722
158530
688166
166187
480449
939712
699214
711943
411097
902905
402183
219942
961106
928585
459428
952582
932532
148440
522471
678730
792812
794483
974085
151564
333996
627858
453700
122706
830759
262764
321602
692919
906513
126546
793489
938059
70654
180131
371306
810900
540750
174236
956071
622084
923253
128821
844710
916256
22675
604937
976551
980214
327886
10948
830793
135866
498642
506181
480428
247385
173874
85315
321779
782262
496881
29413
592600
178210
14681
869166
747713
64496
493327
86961
28171
32000
903958
593161
315784
166767
474542
231176
640366
169047
912149
204221
268958
992752
569001
279243
702153
742278
428875
960726
630292
804826
73132
868033
108112
162055
52305
631228
608159
135913
61868
477712
126695
986743
996155
219668
706095
998778
361521
172997
778992
627829
919896
480237
126520
628411
259630
328518
323046
781277
834192
145230
425142
100230
358192
571792
213896
866355
439191
102172
366360
894604
307057
59777
646782
648046
48557
250422
146109
19730
891044
372146
698243
909538
202558
283281
126997
748375
261079
506298
350275
424628
286969
139637
553757
684723
371038
172980
350521
485424
442525
559570
799709
809451
186762
510435
548614
547197
454019
365083
659212
186738
551073
595541
893542
270644
233985
40097
851094
11111
713247
167180
352390
925995
398090
400262
676767
795508
607860
270102
972258
301821
656906
245096
985492
441974
624256
738857
174411
348817
449578
673589
601574
65367
875301
224301
975105
629022
404828
424381
246540
440034
275797
936229
486563
273625
532600
934062
868650
556770
568522
463290
871960
339082
627708
863370
75729
183039
272236
219512
950052
146325
46034
149176
546817
624152
24548
258490
626537
118535
637884
183403
901962
748770
507281
130004
23385
333500
348285
606125
963634
567116
200750
50187
209100
968362
865725
315550
250145
575417
715520
335682
540920
347320
298754
474749
241929
250977
214136
138436
396559
412156
609922
641819
944221
896438
383967
343224
569477
769207
177592
302967
787451
551917
203828
122911
557728
811326
797126
637782
678227
479270
397954
760077
719066
33828
949508
130713
979566
333620
244389
696544
38352
269601
294467
82957
500917
470949
527926
773546
358691
364941
308289
666136
276380
965461
849453
638564
916115
912282
877421
688605
403727
823481
473790
501811
485744
912468
239065
123421
871154
462718
905531
954089
653625
339303
253125
977749
527828
501185
174250
626751
241127
923499
306330
908899
797497
686416
892206
606734
477783
405431
754373
955990
408698
600490
897477
791608
848444
711082
147633
412473
735236
340957
141950
48504
955322
71260
534792
576939
488468
869940
733911
774226
226522
368572
95409
546983
984051
606294
795481
906774
250587
508184
194354
655939
543163
989584
437931
289623
995335
307322
263454
293971
258777
743641
948811
62464
249823
26261
8053
265695
512193
811977
266187
576107
668654
422007
592914
240800
772035
825417
876571
335729
894581
697087
915598
464934
176935
808922
902796
74672
581602
590628
621862
224101
373150
157088
999643
384037
23579
753378
702046
281505
918647
984428
862079
357274
89338
56393
159412
665376
923492
798720
795634
1944
493153
465497
670699
600751
688654
468163
772989
956081
384778
712429
743506
27651
275239
39427
662514
968633
391292
521228
66309
793916
163929
565512
22524
77415
643430
522629
90311
264493
179985
975402
49033
148176
571350
749663
863843
880888
648568
335067
132465
52745
586174
527107
958380
890604
262656
188196
605123
330875
6484
617491
352722
290728
181509
439797
490203
682359
595592
95984
378437
231375
988022
16262
607682
348806
391234
337128
846263
271393
352736
574292
465642
180581
907105
392774
71067
422334
785086
272957
845319
639975
319392
587429
260187
297622
545442
982785
476726
621060
94313
911349
61419
802591
397275
419658
815475
451892
122258
28755
203816
870696
622001
371746
664830
163459
913824
219645
797584
501858
568291
446303
390531
229703
496134
441234
357656
975271
284008
417860
457045
558059
957685
88004
811567
778496
931305
725150
233840
94185
802883
212062
293797
812820
867149
173752
47357
668433
634636
335597
835
51664
124672
719312
808409
240254
915306
857187
113638
936256
774161
602092
759798
737390
43378
372552
596355
385282
631098
239404
345794
333144
577787
188178
259689
261841
390439
311765
11678
677519
374130
570917
211852
195022
935935
244938
357982
18461
38920
839446
331903
53079
772219
640079
239105
84584
371832
42963
152418
764150
670521
140901
177749
394531
811524
52144
266724
183687
609562
670323
132168
26377
296982
245468
463858
855069
766643
936875
679858
791966
775540
857444
651049
457587
752628
784621
827512
332269
291049
901810
530162
944143
59373
277388
209769
537000
906779
127985
215384
237596
861723
570083
91744
323865
751489
804016
897926
652164
763482
109995
419104
44904
132542
468313
450263
503095
726706
165411
85164
596937
709939
44805
795632
385265
918358
771094
888243
32277
112693
70757
246740
987515
186974
435567
825913
194190
905280
353985
681437
328222
370094
342616
321942
167539
73633
906729
276335
432097
312665
804563
630120
808859
114733
633312
945039
405832
926872
373505
770768
776520
895732
37565
612091
718971
177458
78574
618281
272065
464515
479194
240762
983541
200915
789323
91824
779024
495036
643570
705276
978286
427635
545399
621721
593157
540325
470576
519158
864787
200672
485867
301840
988880
900079
897725
905466
604279
862726
110042
464302
63098
361509
728767
235716
670154
415226
857679
378422
437745
406952
911989
810413
245188
631551
154414
96692
146076
782069
638728
802542
100389
998603
71290
706570
27032
413738
224961
660424
845381
604152
765870
272855
557181
497437
9872
876649
53342
50235
363874
639623
368517
347300
287546
923040
462265
149857
393332
301467
391960
133519
939516
779437
609651
745583
746780
86220
346704
480974
129876
795511
821284
997005
176544
878678
136083
854028
769236
983306
230814
368549
339208
792705
662616
915519
36867
570578
17659
62268
292751
505107
791672
907235
225367
160295
583614
884632
110634
603348
549806
492066
931280
480839
642096
866842
451272
864217
347683
288184
879663
928934
648471
79465
180
482816
551479
24450
747652
735691
882590
542517
310642
694792
803883
825302
247222
193397
154943
701416
420203
326181
548122
390992
753035
682862
193455
730959
4231
820171
403389
152974
829520
269346
344270
574649
369396
282691
11178
329084
156191
721893
340810
892003
291875
266112
512003
306531
364311
575499
387712
236360
877182
190984
386623
903023
874501
272322
158582
811534
468053
759205
56394
2118
301865
285635
518795
179676
403837
538084
525798
373401
85753
911137
567105
652828
684756
709571
560236
651781
114447
33931
121582
825519
348509
595253
582922
837649
492311
409823
902896
113275
821003
482562
717323
291307
428730
183446
632796
763717
458613
545004
210015
371457
838183
71062
968222
886888
757457
64617
28005
526552
788293
578754
529738
271636
666355
222557
211573
468227
806775
238890
964077
481722
786066
727691
893908
77782
835609
205891
260408
936092
658634
457884
62138
678149
68530
582649
57525
76982
358389
625566
755544
455319
835757
997392
931800
473503
335340
841928
990308
958553
462784
484506
890493
669241
844279
669330
981679
145724
588356
974038
11951
572581
119978
444334
519551
36283
598667
703323
836374
279191
275893
301419
65246
956882
733742
877276
490940
827559
847231
452560
54305
866162
857956
958558
571444
523731
977379
715815
750849
757744
759851
198443
127181
499610
564971
656061
173036
342857
742364
778873
365494
783642
198702
113930
990995
861933
742823
927774
967104
2554
945492
289402
789195
607307
748475
257695
972580
642385
53092
602031
755234
775374
899071
561428
737561
394564
329579
474771
868698
276880
55142
976609
414091
111771
619466
548429
789623
672187
125311
429572
524918
571678
412083
287701
380529
711756
293186
109565
47804
548750
539163
405422
951571
919853
832994
513021
742159
900793
221891
375378
426182
989014
166599
424730
43269
436733
509499
471891
45575
101731
652786
841301
540856
989363
804102
465270
279934
326189
338559
170004
715428
877449
661186
316036
669860
345100
515801
266051
267338
72384
315536
263060
602433
510711
438096
929749
37084
939763
337167
790105
86103
716774
717074
562010
894072
797690
854745
479597
558168
106839
627724
610637
266509
738455
88021
730190
907722
379388
37605
704900
24164
263730
537372
399213
356410
424036
217114
100121
125857
18646
343279
356748
361838
214986
131265
421918
827537
890544
139430
900983
118067
846542
392403
728453
266407
347545
975776
183403
291130
178643
995831
950798
422911
61942
246919
230228
359346
52120
2188
19523
57118
432133
759569
507938
765725
774820
19951
243780
863841
922148
5668
546887
737562
976818
641644
604319
345906
978349
482589
663765
614843
920597
82938
840783
727316
235082
610074
833574
635505
509727
119304
326337
1421
867510
170532
362883
860516
615472
55783
731965
92443
117097
282324
475472
972591
375383
3909
496534
542392
180593
755580
136735
307733
910572
36782
91600
536961
896524
850929
295118
562121
873897
337271
328583
320009
816258
389369
264220
73040
141009
100569
861130
710451
966242
681586
182416
517915
878240
723352
740711
502162
748899
760772
507190
591444
341748
807327
405682
653151
26062
982531
189540
570852
902188
480348
581868
96309
557516
448895
956035
226002
96268
735308
21580
849630
781466
522935
258056
828404
296067
695245
842084
261215
528807
755650
363927
106566
853422
600219
662642
414970
522465
787902
935166
94795
268722
979857
988583
86104
736585
620747
501015
636004
133650
794204
348868
543290
423243
664039
475061
113007
49954
141385
45733
316149
944949
434214
476760
604297
286384
537244
166472
847809
612797
280002
337140
645977
577951
22472
789095
945742
707482
35351
793223
492262
107570
702378
210681
806105
600142
782050
680202
816444
254616
381470
156049
387171
823826
314111
303337
247666
293079
364122
407240
739452
992043
11385
976580
422501
924639
467045
645209
822200
956316
330193
895237
773138
893449
303363
735899
484520
341139
205580
574024
246330
477776
187646
376741
357579
538173
767857
134918
321997
2855
175760
392693
642278
492792
720755
302294
762090
859397
929132
129821
249592
146687
469870
428313
528608
991186
32913
327638
876305
440424
267522
36104
344258
32258
692393
829049
476383
389100
267724
652444
753786
198244
132006
8568
717788
684088
457053
483246
182084
272584
205080
709426
864919
444757
423993
872109
643711
482706
610995
420192
205946
532407
722774
110932
31298
773780
78462
547892
166374
196198
817321
806228
325770
946889
790305
434596
535663
599776
983620
48814
436304
254809
321186
732237
572320
381119
701524
832231
425327
29670
994877
361988
783950
852287
973728
539378
183248
974085
109071
241448
751577
895300
625270
49107
356639
258728
971465
617631
229349
168749
603084
318209
959505
818962
323004
423365
870297
878716
657743
731542
783577
941181
364598
514040
450961
427958
45316
607033
722909
870221
982767
71278
619704
631136
908741
265384
534339
255614
557667
715245
35144
859891
432769
504033
899709
684077
317558
286177
655859
530606
600827
440867
179729
966311
483163
417592
333637
985887
910445
452910
313722
61881
85382
25434
303984
829241
339655
280505
586180
795193
451425
252689
815663
114183
416171
718660
80749
292886
741494
510718
791078
930144
355720
932908
83496
642401
489710
376122
314307
430371
880328
695015
227221
212744
95034
968360
170458
961611
419044
353458
900813
149832
981002
79873
796348
392046
841782
55303
10077
547447
311122
444569
4504
137393
400340
847148
853092
768764
524771
308253
812400
323704
458841
459467
240842
571461
927424
741162
882594
149580
724187
335129
160327
597164
980967
98534
485212
522063
168992
171344
759964
179046
255208
442907
640230
482019
601125
935907
525255
92420
359526
728075
393281
110171
261763
783298
681136
254026
434756
367644
985581
403613
598117
923013
637269
122537
662967
445658
149387
207563
304523
861125
36015
750934
201254
209997
770225
760947
6718
106054
542221
406146
913979
453770
461591
798338
885858
534444
639384
945226
143786
424353
296348
413400
910757
812013
388158
33053
303685
648812
503310
806141
129131
187821
548041
579429
401341
261357
583290
286717
669949
256642
417084
571637
665490
415244
980852
816160
842830
478141
218977
790455
662286
945374
413253
290198
35162
225666
168738
598298
237216
464995
38946
752873
131081
576351
940416
3768
12034
107465
679895
15233
641608
226406
250874
841347
460429
218457
678157
866981
872090
2557
412583
163992
96239
5330
545722
345270
65838
687213
816734
659477
607812
205594
939798
799062
147850
951185
766266
602727
284865
214397
558416
353783
393087
537182
358475
133847
301406
723543
874539
43580
3066
505036
209949
227073
621216
837127
406725
19447
166947
656901
586486
864666
884427
517602
293216
837856
186193
920411
336482
529888
810881
714411
177706
20038
953411
190368
575815
579448
452413
64290
172598
829491
825868
809732
565595
876634
121326
113717
939405
621495
619971
494343
834585
645207
220867
849805
201823
573821
35090
862637
211998
454748
675779
265621
569016
294377
932535
372946
246906
533559
33742
482533
798213
844150
483088
416323
338630
284991
468130
335613
677578
873877
629100
258705
344899
502867
577728
432033
821088
864603
871839
173818
999865
250331
98067
232635
552672
124338
372664
673932
892163
917121
505819
689146
455757
617359
97222
666454
493022
543236
867132
240380
911965
182074
198251
833951
632444
523947
62109
683704
810222
221891
4777
902685
821014
428679
577251
502092
560903
622395
857996
125162
42373
939544
586020
68360
67517
965538
691954
227079
156355
381395
844246
2546
405079
711305
907832
835109
943452
576308
227974
334314
623984
612301
293793
489300
138617
638191
496648
675972
423386
72112
480905
837723
782339
719749
940762
866039
253881
939909
634301
119365
166307
821832
214587
799224
968650
300459
592711
867981
63844
903798
966442
487398
732022
417573
221695
920615
144501
937252
150986
842984
972022
699770
665967
5350
431782
661869
80444
763936
126722
433281
570610
408238
305173
79863
861710
680372
160740
498741
5143
169318
965927
775764
814121
683381
221740
152073
15518
560177
619813
186518
342269
699324
980574
525414
165775
361408
935903
956335
802408
352654
252510
787746
397615
522734
621535
369222
385541
3621
760158
95799
464119
1017
749314
533957
479204
732611
357104
882207
475492
281207
725883
703298
400428
275918
866715
865718
113457
116480
393205
94132
379370
47398
556474
60982
698955
236973
326333
355299
989720
347035
332163
231945
319242
853741
391642
350778
728792
234772
435745
860550
368182
302230
982404
520382
172814
71852
814179
1506
133347
349550
835603
162697
409485
473479
254439
321862
730941
281947
403933
598456
493328
727924
685105
916625
543051
117645
250898
700255
922965
38933
602009
833461
69879
897103
891732
421172
952668
251676
228341
610729
479960
822961
603164
640784
269847
666760
839351
661501
873789
561121
740775
673522
783719
785375
818909
783246
24246
849444
462790
54565
566316
389982
71932
648643
117917
236570
435149
65052
518489
192077
441433
110410
891351
736766
428524
318715
802654
286454
609687
119976
89490
53655
369593
194143
49998
641001
307130
110190
617196
606029
4476
492149
878397
416270
686324
78807
668505
132625
786275
860656
970330
691849
322229
934508
215106
477882
743782
973285
576391
671280
110500
356870
987184
378256
458470
541717
514419
808633
170832
592401
264514
917039
252779
818309
867437
417261
932600
203799
376676
857583
154970
500395
676987
931815
734786
206534
518608
365454
583438
483395
922289
936398
229989
322743
667913
845797
245025
556007
231357
268029
671847
549616
446927
738740
123540
597400
536587
921379
351538
750317
983883
8014
990418
700266
133766
669061
273821
833889
344093
649536
681382
700326
31600
800040
694500
74985
347321
371426
715439
845109
154091
615928
112064
172088
220429
61080
733853
382149
565036
58069
270723
419056
555004
815518
914149
86723
789079
237933
363338
454347
876946
190658
905419
900808
799743
507746
219053
651406
786137
847024
799623
113913
556082
866924
9465
745573
523906
10248
131239
198332
493821
214247
36578
169451
309340
473987
327569
345639
895271
100697
660311
318448
400846
992122
30734
366876
702854
656760
27883
59812
328171
745324
740203
626123
291107
246456
365439
570067
616652
675435
116731
283394
500138
490772
544662
435024
101027
55736
263636
918904
785655
347009
392638
166087
95125
129111
563942
520103
534843
748708
573130
296898
345503
326423
119703
571144
950477
289859
223612
144729
243757
289055
535456
537813
247366
929100
782748
324749
521857
816269
597714
590960
633159
228839
860095
754939
147379
729377
505530
838894
605827
440724
566725
110979
862215
504924
862675
706563
316512
791501
890965
674393
502392
702176
175338
744609
638938
108975
101166
840238
625093
201581
332107
23524
234625
129994
440603
638739
94669
379155
850378
216501
744263
10657
724623
166187
471694
291070
981254
877090
198890
630992
393669
870686
379164
298661
246932
101028
789972
459488
123750
965308
328518
616224
268183
666054
163075
28489
330493
540590
678820
896010
310757
587896
359881
864484
881049
893690
432449
6142
437707
695462
595664
963690
566779
418476
988354
548257
329339
862122
303311
884362
729808
370812
895862
979149
266380
270661
59266
964544
133856
805667
302489
697340
663775
82607
253501
343027
300897
70
656958
472410
494718
756046
751366
231455
520705
393177
995438
112025
468267
381743
876960
185824
304540
335586
554854
11913
436424
98091
177579
458809
299520
704641
942496
450602
264481
846964
30263
85072
791111
921224
793791
5775
296318
868371
454528
622927
599494
800776
798313
15707
225973
265411
644922
802699
32060
967330
764666
343049
344398
813379
642219
936210
407107
188650
348591
861807
353868
477541
259742
175595
552831
961853
716960
868742
78588
451198
374356
183613
258496
497689
265949
403835
369145
892199
821004
861313
371643
554379
619989
316406
692638
558387
986156
128443
243903
409757
557441
259938
362090
95601
97431
364601
318326
522513
651173
526087
869521
403897
523188
116953
976459
832769
805783
932803
565484
562708
647053
941168
747035
674780
847680
615657
530692
742403
772537
425265
759212
891833
177842
205995
34974
490120
366171
71057
828113
412815
161692
446093
446517
510528
272288
50544
973379
640740
559561
602637
147208
558648
587348
181838
705921
35709
996859
106965
396480
467020
183498
775456
809541
782263
104790
40022
669386
472842
13734
829602
450825
709583
237484
562419
811431
34299
521853
521764
619013
872555
785871
827156
911649
743296
855819
246694
434486
956546
707378
441011
502726
697483
520990
22375
323857
325087
891142
881733
572473
759291
945114
263836
685876
272186
381019
366782
838030
216882
452757
570583
590338
719220
456352
457033
17204
101974
217849
943180
770559
181726
114911
43633
825195
68317
217628
703957
117644
42819
175981
83319
658142
61823
887226
360324
894099
831219
649324
204870
979621
24925
375687
267691
606042
773113
123821
899214
831131
880210
582270
299358
972419
308835
877037
610142
349821
864400
387384
886740
325897
884024
628507
593239
210626
708627
943657
641354
769141
106539
272696
575236
691698
173584
105207
690718
23588
682770
234199
902292
500553
633518
782726
754375
471966
3875
935381
701319
108002
806773
230060
492737
342866
735805
462863
371639
384696
17386
866475
979318
636264
154888
710467
688242
801126
567704
172679
580098
70132
444601
966020
324609
390080
789630
404916
862036
497198
860178
185665
757863
856599
300822
489801
461479
409148
444673
153130
631515
816154
109655
447077
483128
491893
633235
713419
627410
675569
505817
737421
14038
765557
531815
999549
940470
214213
235985
33302
565678
136444
101309
568485
188107
659733
145447
852625
174787
276546
574481
6187
617298
483180
565130
510451
168310
356377
320121
50509
657190
910477
74509
592396
362563
621415
802325
643026
998972
579004
448080
657344
415119
700873
785571
525392
473616
1633
161999
912197
517849
892444
786390
505770
837033
677937
488225
255758
699138
768058
123733
415541
104724
617454
103907
754495
576018
975152
187047
973730
678900
303709
930005
554026
39581
585580
996547
762046
206023
400728
198970
418361
745648
761378
842248
28604
633109
658038
414532
973050
400241
789420
691746
225430
501671
372235
685698
120959
437294
71845
586146
964040
696807
38064
937326
673641
420633
457360
535244
518732
255360
469573
769515
179151
99323
811913
857839
360129
405451
578710
86988
734144
368643
469888
164135
112609
728994
735630
195439
366630
520670
894854
716146
909223
981612
574326
398508
700737
392704
912638
913605
633740
869636
933382
294847
387601
57425
398111
608544
11286
573824
934358
71917
30663
741653
905924
499347
110167
421814
5101
934218
194281
657001
573531
994521
982268
445570
710630
604479
962084
571453
919493
76919
468
334905
350088
150915
374771
908138
891523
971214
363310
649999
337661
415232
130550
207242
786200
801396
701586
434043
368847
274620
967818
648131
681886
974579
547849
307547
152841
696178
38197
967097
272435
342342
931032
80753
476514
349365
844376
555824
265737
245168
156187
105839
350671
397042
123225
613429
477234
447599
105822
449449
375762
482846
670149
374010
85909
303634
60698
970057
396711
749782
278696
426165
373892
438500
399393
403114
449704
337133
732501
963867
899280
268496
776711
436468
596625
954255
140598
334378
565702
532565
713911
794548
921523
417300
729724
805296
596617
632032
865170
533842
818990
316163
478626
871844
457441
988466
77345
89898
756410
657578
236425
459684
371084
12912
319191
363129
980588
687379
124682
650268
26438
169648
417181
284283
380104
960156
200152
295025
256979
244330
837738
351991
120994
43823
487010
830146
109322
522785
963098
663925
790462
588211
181588
676042
846465
630170
559383
259516
133980
535327
455726
997510
361313
679680
115387
812146
850849
439022
751668
747338
491396
470873
700553
622178
523738
614016
947945
268855
373748
737033
603866
557099
311935
611555
15061
755109
111907
292369
672665
374054
425322
548617
41715
718540
193352
37731
2817
544122
465747
582714
15680
721552
690187
849936
7495
674695
372351
929806
431341
236512
500254
49294
453638
359267
551022
490442
108751
816643
86734
512220
294427
19976
393738
245349
183158
110921
2180
721349
605355
658197
897494
552370
911615
757027
312882
183902
315487
156553
350010
74688
324021
243162
388472
774326
967023
484111
557444
633825
203307
575285
526192
856649
895705
788600
35601
665018
98121
518651
314709
873657
52889
400761
470362
106098
528554
690181
483335
147128
113530
482396
271603
383098
25250
12143
589715
83463
115208
23371
879231
953389
619149
335628
744042
540925
472643
673614
56547
519300
52082
722778
437717
325310
645290
631761
787202
182700
730647
706533
904793
472524
794952
209904
859079
507777
360006
431041
62818
209022
265810
904452
830792
181138
750251
994337
441327
930317
93793
48084
604477
441236
690646
888413
645677
473917
196355
573108
101307
246802
288897
899077
351999
147204
72037
625180
610732
942758
381908
930498
974
692976
513277
750579
632957
535729
611969
76310
611467
35932
190234
350769
825884
359817
576517
296852
538312
965518
500869
159474
718600
910989
566279
476467
111094
73194
263415
710017
280001
600029
851279
5370
299205
621626
287943
101145
227557
449217
842081
150031
8922
690792
217733
855286
445779
543975
244671
577284
197152
662493
750076
134947
59458
947189
928087
591163
368718
879282
137472
975400
220938
813410
645466
706342
234876
790877
901420
763582
850317
156753
727468
333791
779410
947380
661144
290615
199345
686748
89622
379856
168064
697616
527663
95843
807687
60875
620395
760576
463683
598485
571699
49044
570478
853492
273282
188685
732003
857523
970093
96467
877736
633619
570361
237923
82667
70186
783026
572859
287198
258294
313507
377861
100743
502048
183127
850387
176515
969265
859532
337151
286700
96078
768058
586553
212130
97068
864315
830886
324429
449560
718119
881508
290229
221931
736485
827442
819934
636080
714482
675291
111361
728607
592631
739695
756790
33112
413496
352391
832752
841793
418083
713482
457455
763821
826908
135486
434429
366704
262370
410420
160163
748280
672738
584177
579695
863186
443342
947979
10257
971192
946480
950557
91640
772168
804823
100405
788386
547019
566188
724532
366955
930932
421908
33773
621338
21571
305915
95763
654904
152094
79553
249976
846630
57812
210688
316850
673947
563106
716174
544843
157865
982515
21345
792862
819549
200245
46276
233098
172483
486159
806463
997670
421757
707324
615281
555087
9303
570872
736966
803431
97340
515743
939728
534448
709259
275429
954303
133765
277136
632776
740326
687420
296764
382850
596318
323356
207413
846711
766021
961434
586037
939751
378185
482390
479831
128464
351238
29149
688409
913323
557039
111354
619755
653163
969556
513162
405172
406108
217592
457482
883286
335364
154009
857732
483813
424115
820935
100138
403976
866185
505228
144139
436784
162232
785985
200318
596966
783835
621076
390192
532885
734567
454457
121645
524109
964115
191952
901266
7030
492066
560513
922382
978564
135860
879512
274440
596842
853531
86462
81589
418277
301022
353561
872176
664581
292853
99148
518688
22029
858266
695435
835506
885870
953618
271153
443457
488308
551073
167142
194780
385168
558141
992664
378073
58695
185920
409024
222480
925006
920794
975514
242163
367979
574831
609801
365800
882949
47790
148494
958334
648416
429116
290304
126821
512694
609399
664066
31489
479925
200337
280457
670593
602506
429531
884609
710402
920340
897541
29458
875539
635204
264369
612149
12526
893344
911097
960662
484825
291196
70838
816563
548664
267168
10663
515078
969030
560183
68875
950385
177667
792249
475026
104421
271715
579326
650609
815538
364998
26159
865475
587125
38936
115969
649901
325775
258512
337719
507874
5914
452979
727862
856060
220816
870269
907239
432329
203503
38737
492168
416143
626701
913119
547815
205488
751328
177474
827642
761895
813231
231026
314262
279029
620390
470556
998541
616172
687117
627048
465819
694396
787487
738095
151008
272199
589542
272363
207555
563528
26650
33326
2601
163118
586213
705359
324277
977958
214897
315789
313411
592865
473537
170653
81365
225233
174211
36981
225889
657829
630739
402491
33749
414790
579680
603766
830842
144834
402965
121599
475658
829741
588220
398256
305435
311628
580858
966313
361400
705287
387063
17776
44569
969747
415335
479755
739315
938777
269593
47097
742078
88368
747911
758328
811596
551653
311169
760019
798732
497128
769662
853558
377568
4196
131431
160120
515771
80856
725250
483427
177315
110701
921798
586012
272704
38583
186033
338080
216325
542744
225398
906684
715387
496730
580804
90326
571406
718781
134482
884324
551179
305705
639197
456192
172189
333376
455495
838476
322526
500401
987023
519551
422161
722591
345108
118780
278521
804404
474147
875311
603746
79859
578227
322667
924394
997784
459195
574580
956693
780131
141501
556961
152210
400900
136441
298537
119536
509174
244822
435054
294975
154475
434883
864319
112562
438608
554658
49099
884566
399326
315024
169773
646422
719202
283654
970363
620979
476982
480536
434859
288925
408943
340045
38298
877674
938972
788917
448205
490336
432250
178832
672176
452421
476375
700345
182151
75093
458724
366710
652806
94365
623562
490007
777799
336526
625594
714384
682004
556306
628902
461524
949051
798175
429925
148645
659312
371596
990282
932663
192118
664222
165774
539725
81285
581371
424218
111951
141284
313196
387029
679971
157795
373591
73315
518186
766786
808355
461826
712493
555638
83148
46791
604045
537064
790725
974326
695019
911971
372825
156804
383257
188035
371910
992899
916200
53756
616967
848982
500551
410462
526256
131490
658343
279678
543440
141021
898401
335706
21294
238228
38037
127906
821765
506558
504781
729874
297669
159546
118532
638637
439553
390839
342192
276727
568577
894715
89788
599761
885565
814840
733896
493464
580549
835
789093
71681
915475
602465
259171
339877
601668
653030
928530
896189
373710
415402
21244
163211
975801
496396
733165
6577
130491
215230
139443
868128
366009
731361
417700
555235
11013
441348
950695
374480
160753
627816
300848
860058
896621
19443
386722
860595
958567
265868
941191
504064
741235
912275
424644
395569
202575
792505
623464
496259
325949
343628
154551
530743
624352
872040
398297
695727
426369
297349
924551
944495
802302
546989
772352
806233
977682
271891
675142
392075
129589
247297
991270
733502
166786
76171
809759
836089
852325
325987
672008
217376
977175
989192
2883
669229
145241
471368
733071
556896
319229
802533
184183
809555
217954
84657
501602
412411
135193
877171
883612
360190
928945
961448
130516
646181
706506
871462
990505
982561
124517
915801
934625
323872
396169
201195
528247
433652
10336
251441
684882
732916
12033
209124
862954
936860
377350
474360
378258
653918
616781
467225
344175
343746
740281
525285
64361
503134
280649
686872
510453
255082
794727
975473
475557
72043
629986
890047
975460
603284
436004
873425
762254
537764
290171
48603
77430
83295
423400
256123
661318
83435
83061
595487
19191
141763
583438
229381
324015
918729
372765
40469
167459
83024
889819
207808
149782
62870
747697
738193
997684
787291
429663
843268
242540
402951
764523
130149
719874
576000
941098
330215
515744
47738
704049
531229
409899
676
967965
105766
262489
221975
776826
420897
653249
672892
700627
967613
674839
726852
240239
83509
843698
142585
791812
492729
648987
780170
610761
603557
237179
875386
406916
894108
369124
390535
640524
582522
428312
201745
935368
587413
219743
566346
450514
351465
735519
515284
903475
208631
791867
879444
389731
861866
865749
294921
61769
65556
438828
808806
286267
2844
281119
518588
561639
462926
913654
753626
880482
864009
63384
836797
859681
999443
369725
817974
902231
505233
526579
30108
905586
555832
659309
490572
209086
206869
264155
833987
752274
736935
159485
374725
251659
354328
401852
930587
20601
344108
726456
392546
545751
908642
982104
944176
979394
113568
421179
21899
797921
613985
780306
979336
785122
532949
793226
609992
322660
137153
524642
554349
442590
851723
844191
533349
584705
779607
555930
874309
207940
138749
680088
19518
11096
494116
467495
747796
145098
934808
915123
359739
445362
342968
332470
18010
568733
830165
325509
49342
502435
787224
748685
185153
845107
610155
333137
210386
627256
648808
228575
481448
70858
668744
684469
731912
521895
685422
319922
884240
954716
207718
776668
29192
555075
44746
512545
555382
933299
326447
751869
21160
517398
811093
77153
922511
616809
887109
976055
923085
10352
285546
256832
379652
660512
530043
190584
968018
24872
521085
495887
133544
334590
527025
662367
643356
935541
393597
241500
98074
415635
95226
568761
219263
752084
730009
6950
479052
573240
13056
547272
179722
683946
136928
409029
829419
407690
500686
511400
5703
696249
543350
309572
166421
192794
767219
934061
122905
408205
526863
558469
616435
446942
650525
229627
856099
166735
80834
400400
308310
303566
259575
141641
871195
952651
37887
579897
42579
807726
574946
390359
2580
998321
372623
857644
337787
89329
974513
428265
565459
713602
924792
376013
765072
866828
747448
188929
970992
313539
451701
702975
459918
102912
715547
910754
911876
803019
997374
227775
425251
828611
880665
872870
579090
976053
753707
864782
439918
208673
719787
937262
579420
495241
854160
93241
69765
404118
823684
722900
408435
435978
289902
52610
180663
820002
438931
524387
872579
464119
451042
484309
87627
728349
736901
996412
485681
709928
990043
64959
501892
604870
913916
829503
80791
930843
149812
36946
710032
980972
537992
667625
896818
53227
139668
512151
404860
993668
371371
156864
805953
117615
121005
449412
764019
996061
481134
669992
727679
295769
420760
634119
119703
177972
942029
580577
639668
441348
846915
732201
983989
69035
6516
675310
882441
28223
566955
79753
675261
447267
670440
170237
578206
812727
370509
215532
371888
273376
578820
485850
859492
122850
342551
900105
261628
295166
373792
815629
261343
876817
835796
915740
996695
840477
536644
245846
978155
234437
684586
78081
981686
686177
747893
265591
450065
672729
80459
48779
665805
513194
530925
720522
679680
164771
403350
561355
90056
342126
506817
748164
174435
978968
282252
6633
87619
913678
686550
790764
110473
621075
193930
608404
888131
667975
211351
387971
78849
735313
49240
299356
987774
891466
808119
97698
95363
82830
412402
97616
343811
805410
943497
701315
511030
178568
98858
177704
396353
322789
680227
15096
823924
533234
597961
440310
148643
946714
26201
556808
397612
513472
457034
440443
484649
126804
867040
939294
986920
742734
193173
317283
165907
256676
915730
25488
164311
268870
724373
26301
167459
81921
205014
246396
712859
203225
473482
994713
154267
189885
9906
478395
716535
789680
367622
864786
507130
467872
79582
21510
557378
86414
395260
497320
520197
495773
841932
499053
396132
871319
783678
817382
250377
115275
78832
737924
180947
638883
286873
705671
269341
583674
745384
598064
871844
616377
152638
380775
75304
117031
173230
762273
366741
73419
664489
688206
25065
425211
518306
724838
136308
234677
283080
669711
824253
611438
356728
748534
100847
225663
411055
103340
626697
11483
113750
363374
625389
436124
123767
838373
355299
892775
240674
170495
708961
721753
942461
583060
947017
225550
971374
66483
574452
425838
544111
27439
718412
286226
193490
653539
429427
69476
629163
619477
698573
205970
845533
12249
827653
635334
487961
997154
259293
157965
661036
555685
273296
388741
610075
179634
497686
747943
572613
839122
900910
712039
158492
475353
613986
669132
173973
460125
779960
223762
811018
199320
840639
702758
662865
57907
229155
18807
24801
66812
684496
643115
19348
141427
662500
637112
161087
807613
890173
93994
214912
781411
397074
990995
852038
325331
241764
127869
970528
612261
836241
515258
76315
121804
182756
682444
440141
699312
799594
689431
657899
947146
133995
478653
108097
782961
539158
713296
804854
605050
670377
497972
864776
239260
674774
384024
142460
89047
3810
86966
868715
399030
723678
282412
701629
83539
464438
156877
40873
584675
666986
618580
634821
197357
632826
122231
384421
188056
256687
323996
570717
845884
265067
424757
119538
974654
123027
706642
19738
665083
77095
385033
247940
81423
793323
340336
457325
604770
188638
557949
516774
386822
249196
823376
657852
133785
625345
980803
853108
185178
661105
311904
827355
88759
918562
455943
512458
399275
160099
815221
448806
469109
855673
797667
759935
594145
362882
258963
174071
585451
177633
642255
68251
731631
406027
862488
165903
142752
912136
470380
547295
494940
778027
771739
846400
804774
161508
278025
564327
262727
207122
231681
837999
278460
45326
841067
118422
508513
328052
754123
281873
697511
75054
340867
452370
23557
755309
967211
510447
692877
196071
713719
463383
176696
670427
37021
752612
312324
324502
629212
926705
879208
839206
615828
872402
991378
554130
599259
15575
112961
702423
590677
64516
526672
164804
353949
981763
81605
495325
462670
225773
619310
238913
189897
65236
865342
752661
536144
518307
648252
98026
234675
243244
780394
257518
686201
284570
586451
322437
346221
621266
641003
598736
541745
372313
379993
650322
204708
56243
129783
504881
767478
363720
908571
84473
107055
72149
311110
246835
90210
315947
746103
452564
214627
216287
793106
853633
676044
475942
996705
747066
819459
808552
131027
110289
803189
50264
985011
193919
151814
313757
112216
407102
768760
780689
897360
264464
127584
71779
223761
38618
108561
208
607505
318094
566077
391557
742065
694291
36091
589831
754929
417061
660657
334091
89772
147908
949976
852927
368833
572697
933307
285659
962154
768819
747213
517551
971966
727150
302286
789002
391375
760634
626652
862973
209617
481729
975360
6074
978007
41603
101458
977716
39441
815833
450945
858432
131395
120252
975634
560504
458346
424100
883194
157103
539405
490958
620712
674426
139041
720300
442195
179734
75128
246891
784238
546227
434132
815743
332181
153588
474055
793655
834884
574501
377446
618951
654717
321825
420233
626494
245762
67430
59248
707479
422132
517539
121089
164069
851599
293150
125373
340106
156770
209085
192862
186362
688497
713661
274950
209552
3411
70066
775859
503195
218750
124464
291465
731042
959217
787722
688568
20749
48816
672166
414162
198461
406600
273181
46609
671671
73074
876657
806414
91224
815530
397666
292854
147619
203280
965408
10584
317864
294209
594643
147849
717265
695020
944008
259586
918341
8464
985552
1282
361033
717216
339518
710585
270362
366374
35342
401750
329763
407683
745579
192227
513353
690277
165863
344787
859442
580676
883652
169450
12796
810922
892677
945399
494357
225570
907270
476755
350816
674977
406435
524480
372022
575844
220963
167922
623175
86268
613932
399594
589483
19117
688028
313187
17805
77580
832615
778308
319853
18713
863974
917273
137949
269842
212225
126293
728314
857815
482726
358859
83674
612228
211776
239882
249721
631297
576469
531736
870628
533569
43657
172730
474811
898714
332949
978459
591733
459787
954793
281963
646924
632378
162810
379419
51676
892399
530453
158558
649743
967542
620501
18309
19478
401696
896518
950109
908912
687983
440144
203910
589014
158164
686943
461143
12388
743235
816660
633101
740775
788361
835273
991765
300630
751360
645402
757504
844471
246208
719270
953955
534755
492846
520222
882976
295443
952237
535175
286547
129340
435082
286787
694796
511028
166179
926403
540949
825353
180969
343425
516897
441396
234713
343206
869126
989654
744741
693065
809909
944982
558928
973065
712059
704844
873660
363208
800839
94507
494073
239881
664363
715679
159206
871253
310703
64901
424838
334594
591406
776128
174343
297713
293990
218003
577557
445596
411598
34464
572972
952971
382254
371734
534773
869283
846787
248300
411393
868387
830596
52056
853485
544984
12828
414210
399521
11917
649167
774441
997100
490114
902217
858433
515189
849944
239932
687156
86187
508459
123992
301703
409427
190441
617110
316656
700672
719526
738311
404916
390959
355167
946960
344935
293734
688328
538019
414300
143341
203167
673319
975976
335910
813635
348661
482006
723776
255968
158043
311775
440831
795089
293913
194288
503424
441142
642659
973755
141436
954060
595829
871104
651329
601613
974543
546569
122467
733827
860253
177602
106228
544188
335505
109263
480382
479234
877443
577575
497892
908529
995236
165050
319385
819127
98687
212823
541824
294199
111041
642779
392407
367874
688314
998410
776439
666979
436415
164379
893767
533925
584478
167412
410513
982564
180570
183244
996840
859854
632561
608743
395229
681921
644549
248105
364981
323722
360449
459075
394129
446800
729851
78015
607497
857520
171935
653913
933464
165790
117046
829653
947717
189598
188566
590401
405154
44608
870557
329993
950194
48096
634492
918327
349920
656459
418717
416794
362533
572872
288883
796000
214114
560171
444468
597875
427312
19510
257038
431414
703625
307411
82544
740752
859933
693985
822
981678
426616
167456
831123
47707
506527
996336
156209
467400
223509
908863
309888
404866
338748
896704
329507
520855
439164
74554
727160
468037
693678
838934
429193
297238
17741
472402
815843
329793
856466
672998
353349
745425
101662
631530
876172
560289
679668
75941
81505
309359
675867
852923
264143
399443
385308
977916
885967
38606
259781
552808
116459
102181
208022
40762
151840
984549
797379
153784
922818
40604
195485
766944
909855
53053
247419
94759
783757
294957
652150
369439
903318
627156
212591
589251
841571
141841
291885
306915
346750
133647
873166
11443
721263
394237
963985
758637
995157
481373
416674
750432
382329
386993
886487
109131
711931
810573
628687
184542
963847
533270
240157
839174
389040
877713
924505
748497
462185
208547
959147
91198
815440
270231
749572
609810
975213
953454
909685
238524
760745
352354
582790
839027
909805
207514
376296
959681
172486
327246
397761
748310
506321
208579
503872
285748
743757
584716
3076
971500
352726
817544
763637
620363
773241
920188
682742
440364
497843
499400
184217
260406
631949
838883
951841
840735
836354
30080
714622
893727
557556
624449
505120
133412
891864
277470
845579
97693
954698
153373
862704
283463
221355
615928
475374
656376
788798
947759
853112
648672
549741
131356
227543
878928
663761
994671
677660
967582
73001
803540
58580
772649
815838
502663
51167
68774
83085
322855
423605
305155
690426
904580
67341
619263
604830
276946
184143
878906
844930
564334
646697
140290
594503
700837
162930
626423
954601
312745
238626
819250
189874
653873
656759
585031
839767
106616
807684
146915
164898
674241
968788
510039
239186
102638
892386
757005
886748
422101
948965
728068
113240
311895
543555
674209
139347
143737
797087
120084
558254
359493
55310
631715
981100
464724
285896
726917
645347
933204
595120
421937
49789
330666
888398
549123
257693
202368
148303
431114
73498
781644
257396
816453
260407
988527
219317
547
54671
858761
949664
188357
563472
329112
42419
91088
173060
110410
510845
38147
869888
110316
858007
551051
47685
858199
886197
491035
874401
575584
210529
311043
698662
822177
779010
281163
429629
886723
716303
870609
30245
616535
56705
802050
27372
119298
923149
969745
132533
399626
539194
334810
415778
859889
581988
80493
585932
547500
213703
994039
3791
485376
169064
131130
456733
98439
442938
247756
40676
718069
370314
548586
794423
887136
876193
67267
448669
384158
421033
728235
232436
185826
813962
268798
213284
547221
380582
760762
364909
88546
65451
884040
785015
568144
869016
285500
479468
501180
295377
92153
350323
935955
693374
851863
327946
354557
581184
565665
665706
594173
242585
453675
674825
245121
172517
513027
157801
28149
522984
63076
493286
48044
605446
93408
89533
935616
928771
3076
426790
229226
166944
956489
859806
287286
696803
607737
212928
221766
11847
699737
322748
502351
937446
278132
485688
835053
399836
901596
222959
11458
503761
583096
743574
807182
995568
476254
610473
926660
220152
473448
106704
228644
691039
520328
425834
705387
542404
10916
288929
731085
658843
413820
161629
702647
978323
105083
995423
364651
177531
353004
177141
719164
638812
330532
645289
844684
711420
757280
77811
936456
783574
123873
423941
813487
18401
968988
218626
946125
34552
567869
645919
588818
947665
891707
424283
51984
459881
386880
491101
944208
969827
290907
160521
675657
174815
792384
726804
852362
803307
13305
26863
352863
205207
247688
457062
753643
425287
759852
468733
593631
267094
970378
66375
948939
254307
144207
165856
184524
704933
96670
783390
961122
390534
248516
553022
595852
396526
853646
736864
880632
902056
259961
777825
626956
56967
897502
208047
515856
703089
614202
947247
266613
798651
871270
290057
843650
51437
115909
536645
432151
145849
350727
2087
907620
879132
112578
444264
601069
361210
633698
759110
745503
283589
60
883404
879735
57032
44575
622375
57067
842127
307027
320026
680085
525357
217196
727923
201401
470571
82473
59864
266200
170067
711059
820508
547037
485686
923141
394427
934491
974662
552315
990918
380300
536296
990743
244866
728233
492056
2964
281594
714119
496872
568732
692682
563929
795052
969392
456117
911209
937925
709162
449244
202194
584572
538986
908494
533688
393860
369746
626662
975937
265388
282966
957868
76709
858190
858683
324032
619386
817297
233504
139112
588968
802185
926856
486982
152772
477443
838868
715894
704573
226269
286268
166783
197429
186532
685235
757460
428117
10137
843380
652455
813032
542995
106168
679462
585320
13676
47695
938461
298081
947417
727893
755181
143884
970976
145489
135854
788384
417766
37418
179434
339345
9427
568961
832836
997366
867664
117390
276654
850594
847964
156454
757516
625897
726325
36505
440913
162318
292251
14964
180990
439200
810416
886249
890446
721132
643441
976854
24566
522383
246978
844194
178965
544387
918023
535509
720096
60096
881592
426445
733066
345322
34924
932191
548460
57216
13185
236066
516195
390435
754681
788109
894037
300226
535436
59993
84476
329478
159769
138441
736316
232006
660687
787543
244396
124150
154688
522648
986285
344370
588094
242327
547782
868702
43793
948955
189568
452636
719820
971428
869321
88104
881659
341872
296695
566243
932092
389344
135470
755730
470797
31271
29795
364038
568804
699212
632670
22886
925835
307730
760614
647315
902965
71128
836539
672959
961414
810241
700329
600756
575631
143994
948928
822417
566761
193596
194983
672877
603682
877173
593374
485720
543150
797348
206370
106587
57693
841213
566191
892540
574968
224279
312718
890936
196373
555500
806725
614964
180323
83821
656136
772416
45571
963301
404266
138126
997683
474585
231253
921082
323518
899497
154157
92370
373918
462005
723461
788435
936103
334026
548191
248123
475721
511244
504321
986697
411016
14734
498027
431436
486122
195520
265106
802198
678815
594268
866088
904649
367573
592413
858800
555647
587734
753478
468058
205919
985624
443826
998675
535792
437361
256897
415593
13107
711662
351922
922817
992662
142983
606849
780080
524575
567628
792148
362245
983427
485126
61035
620543
666054
503048
968540
270404
979298
431236
755694
991061
36473
544924
319935
173186
355482
562152
506865
812566
680732
887997
118163
868607
476540
428216
685147
722179
114637
550608
401687
808169
519589
309058
638941
32614
393144
751281
824268
566275
643607
820680
349513
108282
563931
461599
759991
37475
876102
605970
815671
86217
7381
786842
733221
882290
628679
5878
148933
762602
874531
241202
19997
319357
161411
774479
790050
663706
639076
954239
442574
904342
933426
452646
734324
414213
709220
668103
743954
745866
401982
241938
39606
3557
551955
211225
296711
125632
637792
230498
272788
193175
16593
134430
537411
731369
113419
712746
870886
138779
926639
483114
219754
347336
242345
72023
560692
779096
116081
737353
547995
920688
423405
387725
635643
890604
974613
73213
828203
958621
245591
3645
245928
443458
375569
447723
91851
608381
441506
75940
213261
392285
308942
388321
451471
149585
183728
138761
633160
373293
27804
808915
985767
431591
641340
571015
867910
106966
582080
727599
244526
714064
21555
896987
846358
765393
315959
947941
176587
342491
835206
961611
977322
464788
505516
294348
508047
453696
765482
585873
107958
733447
231906
839230
846796
993472
47864
564862
743047
513567
203327
63915
998307
725078
472854
723859
825111
89732
777596
973872
330778
570939
870971
608390
977125
820435
126606
239722
315180
685459
842466
925791
783588
187227
14520
89214
104437
95809
691542
64222
619080
105421
683984
815585
950232
64326
246557
359031
311646
853949
574565
968131
414207
111510
573340
903652
193190
615679
785357
719200
53448
872836
75237
419571
400513
692019
324777
506914
406178
179576
157609
632364
28998
807990
338981
599011
331519
507749
195411
921755
71377
544554
832368
431811
35813
215839
76544
433088
743374
3054
985712
813138
819489
918868
995983
566032
434298
745260
377876
776530
276692
602948
531387
117437
348276
381774
452880
226613
454304
238448
50115
320667
213346
125655
678422
845917
165845
369320
956156
499712
140182
499838
955014
33279
449157
486158
722846
738982
954666
109302
439743
890317
60625
883015
991278
966754
964050
919470
281049
235582
654302
232442
469357
590915
235813
724530
99210
873511
245574
752666
831646
312612
378528
221324
451169
56854
273936
977319
324032
544951
978011
551080
621395
216406
663351
268876
257162
869192
859258
50782
584341
176408
296713
441397
182147
536347
493579
175060
50763
213295
51646
448933
411693
974687
966198
806802
744653
861775
581941
212228
603047
385811
942642
967355
283866
231551
460447
76545
381426
380533
812058
225598
579369
117102
71221
143035
936897
876992
202099
874967
650582
191292
515372
226960
9264
211148
642720
124936
288133
693309
983783
973965
246794
312934
78059
38954
452850
692978
576162
755822
224955
905327
811359
162218
106954
392993
435463
489065
656422
445900
65025
472516
764923
890337
924508
556083
956853
439619
12510
242871
447290
431844
997213
993051
852167
401588
382737
270574
985942
418341
216959
889407
846771
548069
201267
831326
74119
600636
748172
877064
913896
490730
637408
267588
592295
102883
937925
225673
892047
495772
636327
660526
919274
792142
22427
172513
744496
73111
152215
931766
36535
618412
1897
267739
578633
406115
98456
747047
600053
408304
93390
491459
930075
166732
769716
697893
613916
878431
982768
653320
514264
300003
696100
237605
297574
866869
592965
222838
273916
880499
487841
68134
383938
781062
319681
981309
527491
760323
453226
708539
549269
411737
709121
497998
61931
878790
273298
255479
597203
780659
634957
368879
297059
94404
288502
956800
725083
129447
932058
108797
247333
755992
784791
814262
659599
593777
54705
645510
191878
108015
840880
306049
169276
948519
820153
606205
840944
956919
209284
573585
937805
824382
640704
616128
15351
620779
834506
922341
236218
695947
327174
906142
551393
207861
970651
776886
669657
445869
52831
929894
77182
122047
982009
934321
629663
986122
362223
714288
303966
780239
285302
656877
625696
36990
606032
187117
742414
468395
4085
538481
187206
17918
324201
470175
740586
979184
924955
719779
326652
426602
271509
904632
424851
108473
507301
570473
807757
911753
624557
464642
72593
464520
989256
912707
407763
784948
756283
345712
374871
763334
870491
579580
432253
405258
683038
372141
358962
712661
791347
347281
734409
445643
754852
262391
341048
592014
880233
87624
205780
853264
982636
225563
154082
253903
345128
124041
202298
238978
877831
441215
314929
541792
409245
897510
474255
437416
752244
417390
826423
392749
13311
446384
112174
877825
778852
73329
238104
170004
78503
247774
285043
958675
322049
668214
405565
362530
292205
109780
653163
948050
815586
696418
907914
7592
939774
935426
903989
233053
34064
204086
859765
106324
663080
928575
127606
730803
849960
128588
476557
380506
490147
230435
16882
263584
637799
227193
890246
491958
257355
269935
935866
236711
152702
171514
980221
445229
769700
20917
870670
579603
625903
806291
142944
296594
522545
429117
983809
936457
331192
873698
834192
782089
511592
10956
165953
375142
353115
528492
811677
883707
350733
502849
760123
140209
960269
331427
561533
988730
810203
809259
784169
407114
937416
125450
503683
906551
485732
235047
287368
565761
407392
160613
374530
732440
331979
589953
847093
343346
785297
899949
226377
504967
240318
779999
510689
77719
700823
303202
821098
131269
422429
676510
562807
235608
798242
709984
711481
186125
255895
284825
926096
823637
763254
387946
429252
151346
561458
558226
413978
320489
387891
192828
19189
741045
735114
178081
184116
748033
315455
850451
46231
5360
206577
634865
112804
767862
727705
785919
352971
647401
193736
954100
43153
311037
486866
260970
65304
124572
875317
711640
965084
922132
483649
256903
628575
735171
819915
739116
435372
592888
237463
952636
519534
403815
50429
197850
839099
111964
194617
840832
499121
797183
659090
913099
20853
552798
285433
510847
151717
520520
73097
316834
266687
918852
430063
726696
378398
834468
654407
503763
934584
53783
845314
987760
782082
713334
35335
395622
930446
149281
524824
333614
137316
17616
904317
883788
188694
20001
869712
290434
911125
791523
724555
483717
892587
459048
275688
890176
244294
512838
395998
28894
291033
424846
129054
747175
366363
818956
257897
569650
133259
446976
256243
929140
594126
766757
918535
840818
370622
162420
650633
844666
99406
444171
574378
703000
525195
307184
706990
982255
141307
513638
472780
135187
315680
385554
452273
425960
372555
719442
395461
402732
299731
344357
141650
943982
722951
327795
451403
598023
784348
20701
147230
113192
669997
637466
647374
4709
186411
127301
628039
989722
103511
412458
308057
454345
822531
814157
442321
931208
57183
914663
673111
327816
453126
97963
198387
317034
511348
935022
416728
9169
322531
448070
678359
380315
466932
878972
169227
196502
629858
526282
431278
395177
98519
484926
753530
919380
825369
138917
976055
222703
779315
503916
117087
973305
627332
228901
806380
191735
510034
420043
904595
841188
930314
255508
251526
485027
516181
19259
17288
322425
6674
940679
528989
889793
134548
423572
715529
341459
301709
455836
407474
428886
359708
311923
752304
43985
680974
386311
796271
594245
596353
291565
686963
917908
191445
80102
763894
106762
859898
145470
43736
201452
806275
683862
462203
596100
59192
817121
975690
100276
639066
269434
663625
481011
453727
299625
1091
408874
942608
413068
784718
265819
158859
335419
789158
393648
297673
91634
315190
412374
846947
429437
556620
587023
70695
694680
727682
316411
650755
78277
434795
892572
418337
485819
295453
122031
680986
315165
82828
425850
259459
927622
843553
991706
587932
534527
69046
183687
283547
507570
60055
34517
136787
789696
559636
977413
855471
673724
867008
35590
316060
105512
863559
452140
280048
376
340112
376836
853985
158060
557991
987399
990866
679098
416126
655273
673323
565914
319488
751863
158708
403674
374000
269201
17575
22246
64558
47088
964120
264854
103294
219351
680247
879158
991357
41039
471483
537766
567193
769395
991858
242097
986743
459381
777437
276483
652711
217622
250917
731310
892682
370390
791362
818820
243470
547942
522875
802029
903875
243086
471773
138524
811019
767465
811462
734684
445638
256046
274961
86545
107440
714319
833713
685056
589869
198887
769110
833119
964707
50281
898448
379571
418808
251002
717665
669634
997907
327940
405191
39527
417230
945585
922945
262418
533489
762502
195490
169694
228144
148936
889722
614482
465371
513270
193883
653393
595293
450898
799383
442683
912670
108162
766820
134833
447116
776159
617060
445126
67081
86403
709231
250110
123849
307696
403730
846617
833423
330858
402087
813916
956600
690403
709178
807503
371790
125235
359387
878083
615341
423473
305384
971016
398359
341946
917755
329568
209747
487958
341361
282173
793462
247102
915082
622262
981841
716242
316512
160736
148541
841937
614907
333487
157407
490993
708012
231357
534402
456411
244080
567464
652773
741737
793531
821506
761640
206430
995911
643943
850598
662878
496166
221566
184655
296298
166906
726397
406234
931788
429668
454555
537108
304852
225279
126057
781179
493514
54186
889070
714105
395553
641824
977029
708585
452552
508437
473699
496754
752040
208466
435869
262721
186856
147032
873316
235073
288291
844255
894136
959079
707608
686629
208027
914273
418605
832187
379165
797714
237809
401825
172732
841445
25178
236352
376230
362317
35840
732607
967048
472861
727084
210186
791552
819735
129838
49559
833547
102433
511924
474623
209781
340924
258336
804113
598405
607335
447640
735093
405247
70622
182227
437424
838878
174651
436187
167534
672225
181418
909758
689972
101092
344979
4652
324386
809362
315211
879173
518460
939619
452948
546718
988593
115409
997535
122343
87115
211518
58057
236672
3401
396715
254547
711088
50103
321421
267715
260956
868549
831202
932660
970949
165432
722789
327153
307175
612542
518972
739251
628740
735308
705820
689723
79384
517923
284437
27983
902215
33063
455964
216068
22471
868316
429267
401060
999998
297798
68151
380626
295642
516279
641310
679423
571813
128795
701896
241240
340877
336616
633235
805653
483731
894115
824561
778848
967929
877156
509365
250595
398947
723760
764069
22495
899125
262380
399478
271775
652369
454898
157977
586013
411986
695772
187940
681027
589671
159977
337243
927931
742072
241626
364327
231045
208101
72545
135075
387653
637163
931901
286957
541858
81611
949674
66781
783542
80274
223990
125382
218100
250614
370013
512771
573621
958885
163740
71178
635330
961379
392776
78886
419187
376549
202520
558410
849819
300742
54578
686022
791126
750195
136445
102277
304784
7580
93591
828049
549081
329009
307562
37595
197197
621727
504619
904132
867102
510293
368739
449241
322798
681970
603672
766401
958696
21818
776523
522407
452649
629100
850403
407645
5270
668732
71660
725490
781243
535610
831861
608846
724926
156343
57553
919788
124448
560162
82978
983755
994328
74480
70380
880916
537021
925008
560676
469973
726930
317214
520350
456229
974991
334694
681982
707379
145990
675159
410775
349572
465354
517875
967160
591217
888993
673145
831853
211302
649075
608831
550768
165527
871154
706423
172600
795108
845693
513333
860948
18084
641510
238924
241313
775973
894976
895503
665810
246035
100168
40230
740557
655557
761409
827480
735090
546750
355353
267451
203261
15341
209443
10474
258631
502812
681311
496353
712797
986659
209038
568330
943250
556973
578057
158188
98505
985765
896054
946069
361943
722658
337031
767326
12054
232889
427519
194471
642865
878722
743285
421049
338162
984663
224578
660338
141926
903275
168616
532441
494001
26223
28146
452781
330637
796704
780002
995465
10050
812718
452092
169225
275896
155310
631132
295957
417766
927321
635942
576192
296050
566041
436296
323022
325441
540706
994356
115587
366878
452525
598608
239632
415502
352647
823481
977460
934339
345815
316724
71406
481454
117818
478371
30767
428504
798360
297798
825002
526236
600738
819146
779316
243165
751888
560326
79954
425802
941766
565453
205444
487139
848008
845575
93206
560178
279423
542169
358702
445852
562113
17566
454348
225806
385262
476057
43145
506514
584112
482222
967368
215217
761693
217771
502586
865168
35296
337713
893549
12776
113609
533227
669668
910494
654814
120584
850525
667767
970563
381804
925501
989074
804570
567827
405200
261902
530342
256768
900507
166344
87308
875808
822676
862249
551068
614894
315890
740198
148900
332525
607645
235284
414367
695734
482989
989617
643308
339115
43862
705741
157258
785653
577600
346445
888852
52228
3501
147978
371007
618006
142756
290743
556566
429335
611469
848043
740488
829024
375389
538975
197587
270491
878876
886093
676063
643676
523203
366148
292427
501863
48243
169893
596683
497016
936277
303090
543380
231354
814044
863811
304323
169715
148341
941239
68146
692229
270082
459296
622
907592
245434
452289
283308
150878
716747
534436
580990
801909
553088
509843
59465
342970
438778
397277
300000
157111
987599
678598
753686
180364
649466
771614
217652
54873
198693
291888
90391
921399
291675
362843
153843
536555
314483
578125
804429
847739
47918
407144
857329
208025
631194
425832
673472
48258
323576
864556
45124
646786
134299
962609
766399
118061
972817
625870
62105
307010
871380
173579
255720
929807
329073
621293
781991
122097
917246
869280
970795
173564
192504
962910
866448
941355
94980
613751
365608
499406
565575
186211
687073
744498
768501
95411
237194
740263
339276
375014
231736
644381
448096
255901
543299
247216
529563
308404
247480
230486
22429
97438
135371
375477
393016
186673
495233
203823
143274
166579
438431
843808
408934
325403
182095
212753
537192
909166
38378
200933
506269
784806
977177
415262
222384
669110
640859
392831
830357
552303
69504
529567
513045
835117
284781
494410
340526
719158
354862
22800
533707
607145
828975
962548
51167
990516
951962
715029
759203
171545
39988
483964
611136
481374
281255
408877
822199
348878
802416
602166
386588
292089
284606
659445
773820
340451
374834
756253
497795
592914
313036
176846
680597
977978
95993
749833
77212
531285
962052
448104
762204
318384
635748
507961
417768
330156
627005
360065
861189
363759
172066
523759
303717
348640
619744
661607
700719
172900
197109
854390
104292
746692
446280
686628
609278
984167
801535
375779
867662
304678
25971
832115
857025
760347
841975
678490
201812
120879
827105
376398
690024
823394
373573
997949
215542
836643
78689
737815
474931
598155
831994
122168
63392
316761
183656
585541
112032
17400
916145
275434
868929
912533
622233
288203
547318
364411
27698
602295
275872
758887
231499
945401
362826
425685
423988
234486
652416
319812
968753
110051
386825
152971
433935
738784
798405
78736
469983
170284
845675
747221
962142
663755
752333
281114
596600
644896
203251
108778
675118
220586
468626
535247
397003
892629
331475
499470
856239
72191
56197
736294
798256
267042
881757
141215
117335
310927
76016
694751
521026
73742
173381
965633
808344
833650
605589
382296
4311
546860
143836
798984
913335
189511
414383
644657
277153
33485
812413
714587
822005
180074
869504
723527
500670
198208
627437
261443
830907
859974
369559
682160
655026
360455
320296
112546
202888
323721
899585
112017
494201
606030
839550
471636
997177
108687
197124
668515
303012
662258
338704
230620
747305
769482
16025
628048
728366
585212
831546
23650
105425
326993
104496
531342
801414
930169
929653
82968
900676
468499
944935
781951
62856
498268
608808
458768
530885
482701
347607
706356
498418
192293
12994
626661
596219
361325
597164
857939
302598
495138
552515
982202
17176
969099
986331
201275
429622
372963
819047
573031
557329
903614
209055
910489
35296
688786
664837
511999
750550
672717
737562
157098
429381
803825
403129
670331
630504
893888
8166
62275
332503
2856
803165
186930
825962
645771
639715
707404
726094
675066
165599
821365
675137
283003
608806
27513
330465
816163
454713
644127
409348
410603
713312
35032
787344
72506
309121
382023
234726
84592
557502
25352
976148
800814
133300
365153
970853
138574
472023
544663
191401
947278
919705
346699
400759
522068
177871
321083
38493
619888
720948
573120
292556
359979
669104
535050
235582
205007
431289
452600
808313
990276
818233
416340
785359
223824
405732
978142
197858
818216
706075
231190
513968
862032
133476
623433
318100
338105
652878
783729
711723
927072
255810
340954
420589
296606
459293
962154
403653
226921
537591
527344
180507
364064
769569
367357
834639
860685
250131
437481
474338
802419
694166
258235
835482
226693
946722
182411
64521
203048
405845
658032
424912
782118
520238
935399
168756
736254
136599
23852
173412
749333
588960
729720
691669
724942
184609
679676
806039
981381
596656
624831
177382
517920
943829
75521
236111
751302
629678
220682
541668
22457
465827
467027
719640
663968
955489
828140
788100
295568
529223
57847
84661
772901
193363
22989
570214
652893
836686
599846
914921
579529
287981
628430
926874
753286
282878
940189
239227
895732
198057
579651
835987
25120
230635
287098
576425
246879
559955
802769
757730
929367
715054
480570
518153
956983
188320
524692
688965
967223
522917
81901
848506
230391
969981
382420
777757
2252
935036
457450
450728
453910
542217
746419
304890
580598
810375
605685
498311
362405
215520
241730
938808
872546
792122
199429
55065
497296
981134
974337
617136
445756
849540
105260
889058
49938
432961
866654
514365
496701
135425
871171
161045
217434
185489
822940
315779
284211
518444
449888
51143
362872
821706
759955
301502
515228
60343
359512
556984
982816
474960
639747
367075
941436
263425
620788
734506
40500
259945
294565
874980
845526
85607
531981
709571
862072
127626
291107
264369
168824
79561
585680
859065
828097
579933
811652
683709
468305
471105
397778
908179
775995
809397
976034
635500
724467
444819
896280
875875
452246
982340
804698
279033
448367
505310
172123
811798
427856
661167
972914
646429
385776
527881
473820
798184
588379
656578
72774
321614
590655
2361
516923
106219
457441
229542
694842
83249
537184
917843
518512
157938
559643
858007
682909
541332
572024
665749
843609
478409
507840
358164
701333
323600
268302
52270
810575
989205
119137
996153
254002
840982
149915
358358
9339
330207
822317
141725
100409
223150
902878
22229
422572
67132
911148
440775
145051
574742
59727
763947
663141
67530
30464
544006
129434
98303
207838
386741
825137
73453
280227
970676
859888
935071
459138
481251
858719
985224
284971
868725
264875
860621
232591
74398
435697
3847
135918
545105
508283
108298
788295
434914
220323
414745
264788
427413
392274
798074
455435
920808
161854
716854
313287
721769
750665
673730
647009
958378
362197
210168
977304
648492
984618
457724
43795
918186
876810
338777
81703
59015
36501
365357
272360
119009
278432
925804
419330
231739
708174
640588
792875
840798
4952
425710
811578
310534
164412
928087
989173
298233
888086
304976
198579
732905
717889
791422
147515
693328
698967
53086
995567
237379
174385
214574
502269
481950
110084
488579
949564
354584
488996
193310
529465
732528
359093
590428
462073
102773
56095
312804
202662
474256
253600
163884
644181
329481
104588
364847
890517
450960
687499
591615
234640
187237
827739
422960
872241
261034
210673
748272
459028
270214
904023
184883
939555
902470
430380
355246
103789
390975
382764
385944
957688
394147
667132
142253
815355
986862
552582
683786
223886
444282
743689
672053
707198
32341
688693
668699
941635
50343
618301
59838
280682
747210
810794
198072
511527
302324
