910130
676843
799519
670548
85363
737664
965747
332741
440169
240005
628566
399085
335070
643682
870145
28779
780716
533623
377161
981995
183157
27202
32249
309014
536283
329791
636083
384836
329469
744912
634882
538085
939600
451697
363675
254998
831369
650123
337348
100831
473123
670658
791146
915386
153074
127485
526798
627998
687270
507210
666815
845955
571593
165497
898725
39029
540411
838675
265098
972002
701466
563336
68628
534398
874858
940713
725088
831014
364304
158982
832362
134147
27868
831689
557144
938320
635168
373051
911680
499338
56759
88946
651926
112056
35474
827734
268390
865000
743663
781530
393384
999151
610581
868029
194914
374086
74375
635891
989376
830744
240004
111005
279978
511757
473252
61898
930984
92560
146647
246345
235815
800141
480639
82869
167681
698790
139111
929386
480365
218183
652935
756654
884848
346845
958931
510537
987686
672411
569383
495812
664097
755209
746587
790947
845890
236867
886912
725289
980264
859494
952930
903872
913139
349363
591073
686574
674675
15276
883964
470641
648820
29296
151801
314114
233833
921593
851770
718850
880286
170896
860741
828181
748311
492120
300364
593692
428561
332273
918209
979761
836901
861522
535039
259984
215785
690492
25727
605472
681144
886622
409834
941569
372278
432145
662612
616462
574184
521950
721604
443886
951641
13358
657844
871224
380595
368332
317019
255838
117306
160322
341454
880646
664044
318098
415472
561606
912703
387173
262890
223126
680319
656404
213227
186620
862001
850136
185659
734750
497119
690994
891003
85391
882027
268128
132045
902064
359425
282096
727086
531715
511920
454600
931513
817695
388471
473288
893667
759290
606124
950633
13015
425714
661150
697772
597374
499742
289151
722783
188428
777267
676485
354950
774383
942449
733784
354102
339411
157580
250417
371078
853055
971477
962083
61924
859258
286925
483971
308726
720859
357840
164991
971395
310116
283716
733589
988022
667829
749867
551019
927599
371935
653568
245999
132863
117906
958188
845360
656147
586962
225430
365936
558470
902360
515772
324548
23897
179273
967493
520213
514998
712901
205308
285207
311777
273226
788277
355636
120219
102329
708619
256041
643124
287134
529185
983869
918195
906755
845331
64504
959128
826191
247565
217935
921810
935645
277718
69089
684114
95928
190258
276807
319457
958749
162139
632656
73690
539304
785713
103936
864070
352606
894155
71063
964157
228986
571881
192599
989444
654297
991749
779448
184917
731548
622308
13604
968294
337267
113046
873826
705959
949562
168750
80237
200307
225440
822317
198260
684056
366200
625792
617154
763291
248300
103052
829997
500732
665258
817555
528195
963690
529057
62199
490955
891198
635759
518923
53235
332228
874712
863351
626134
715468
924203
136029
163372
229844
558144
401593
207395
613474
892867
93370
997672
682780
976001
543542
4734
672483
315134
813494
410937
392816
320961
578921
895403
530659
664303
805519
28854
236934
632416
958527
884501
170137
503814
758168
960915
988618
161960
419191
670334
297727
555423
710055
42327
878086
917782
85766
994265
500955
305181
381276
814529
32195
645985
655817
51367
614011
840366
874685
509151
6633
591308
578673
774387
23249
678473
453618
143347
80357
879335
947161
543862
235147
802510
719809
732585
71508
435883
56575
148220
97309
918300
270642
435098
837274
132095
112050
287337
5557
218497
481883
126318
314373
167987
260410
259823
500503
328072
389755
271453
589957
920826
82196
533909
144794
739229
845131
639006
564676
2678
807574
151221
704789
962655
248383
355056
90028
701553
395472
477039
608379
644987
683268
920774
880498
285990
576879
476823
700585
898559
584192
160952
798494
819332
70315
537777
956729
155597
783994
698769
786764
248392
685695
769498
808741
333007
163410
828288
366921
4975
715026
428040
324130
490141
70375
72467
535011
378281
176924
843122
421661
284100
27018
782473
270280
552427
654014
156356
777877
625620
162036
194421
964396
325688
348018
787875
457642
993167
74674
560211
466304
809701
639224
609546
260398
407834
18990
591180
159452
549668
468963
743933
98748
430765
850967
13675
196922
317155
100690
360137
175778
820452
484019
790345
627748
819836
507525
851614
481227
778705
585395
995500
290950
511515
818365
135543
726860
751617
121263
21272
506868
642044
607243
565036
80655
660346
292424
756264
656068
129167
768876
796239
37355
920565
83153
656820
809383
347931
881086
126481
90091
106559
439000
129122
690018
827946
630225
831429
135287
904481
830861
562806
929719
317496
179600
216676
74609
829330
444666
75616
985093
531710
583019
220828
89339
813018
697537
166007
107680
189466
224595
664805
772941
504902
349779
924444
170944
845030
91531
354307
946844
750956
663522
692900
443254
243107
225996
518993
416244
9136
830346
620058
296741
529523
503459
458901
621531
302535
930825
760732
329355
776420
27737
674986
61132
478896
924789
655236
198583
387708
65056
226296
179491
605485
68045
288700
182619
694201
816531
620872
822628
200374
450883
34343
967671
203613
762903
631525
871731
192893
340005
338411
81818
15848
781709
610633
676065
824542
419924
854742
736448
257877
303531
378893
19502
311546
480508
80114
823278
688255
102283
280323
683712
454737
913609
167009
212144
65138
697530
938840
14068
811092
6839
208317
487223
585595
335537
21099
458661
221587
615623
245452
432022
710857
703955
238207
765815
740222
992113
746222
196308
679289
840372
635670
351018
459888
692077
842929
284848
575965
401415
483235
894222
916059
108575
248648
218518
548336
453191
193249
710094
618287
984142
219146
100967
370539
512345
807020
591562
431124
657648
827243
9038
240319
962892
324070
709080
273451
949911
887149
683652
436752
890352
903992
853864
78522
571750
523316
228207
881904
402483
182459
343004
721937
976469
897053
284404
326119
682066
174102
67409
260587
502792
737553
274775
735269
105867
633449
28209
806938
412605
142887
981497
956462
88998
938451
245135
445425
154251
98522
341733
413172
687939
578022
443986
25565
86580
569838
505651
781153
154209
77157
473665
652794
86817
622674
191632
549962
40011
58587
986363
487189
916492
882859
87179
217829
841615
766235
605387
947115
638855
404286
944137
611417
985909
143600
47112
454598
92166
859739
912523
713750
834148
6659
931026
732956
335158
288913
900882
284161
831414
748572
887137
752967
892023
586946
848351
952085
774556
336820
521968
374851
540277
139514
644970
299431
967977
706268
460782
691745
530101
748337
763991
174308
975942
192886
178042
307491
842147
462760
123407
502688
134146
957842
245704
700664
609451
113166
912964
524978
210744
965953
614637
986313
210622
435081
922852
709914
39663
920613
748785
494004
291546
269659
987051
708020
805534
190635
937086
502177
43056
236574
189856
990215
897428
360186
372007
965731
844609
891244
847688
231496
308050
887016
208039
867812
685604
333190
319304
2227
396412
253023
679468
773115
136445
97311
634773
187664
895541
403964
699807
769929
827874
701978
920510
479898
633720
880525
407157
381051
307112
881658
798869
187659
849124
99641
121798
881300
301352
666780
126427
581811
966469
412031
485358
68710
128818
254341
758316
427397
548731
694418
586854
269603
967603
340574
384652
999316
558756
418075
385465
871046
889197
986239
183198
531036
769298
201669
235909
910698
566167
283627
510226
879972
756263
427853
5674
384332
534048
859176
722729
206842
191607
815633
311749
387152
10681
88154
566438
62425
406118
459450
749683
9091
304849
394715
920906
732521
279136
947364
545899
150425
888103
528449
326643
478940
912215
663765
554049
387750
750594
338036
507742
962543
805100
559272
76991
170433
20324
642031
452912
49827
971734
210975
806668
353263
577961
297584
383344
645816
239265
303158
535902
93796
901251
211741
174359
640474
412342
132914
882229
888913
104276
159218
452347
545960
564220
727339
116921
963176
267819
527097
858055
977673
503356
649358
664647
559043
778738
49128
684203
296013
129847
343273
640936
276696
275678
208786
197141
208163
818030
5508
698518
852652
162779
232722
870729
478377
773341
216393
172816
466813
795115
777146
839438
883863
163711
435320
252957
128316
180169
639939
770372
749634
843357
958250
399251
579078
611875
144816
264995
970072
141393
591885
796398
61181
969541
632884
225628
442805
609883
13361
100536
458846
333952
945960
765678
574459
881253
345017
138729
449505
120100
676408
370631
865819
958366
2767
693882
224920
762036
767172
677586
795670
400646
1756
794728
254529
826286
557371
87812
187577
763051
246440
896204
882269
665302
191048
462290
101043
331406
135439
426042
73459
453864
240749
715555
43734
350833
827373
769502
567272
750054
633731
902727
718884
691636
736718
488105
633846
824466
637595
252425
553290
682113
718625
425458
219372
934785
772360
65173
27255
276984
271349
136686
223642
513632
601724
115282
907956
885829
593291
338474
316090
203569
286620
780306
937489
489996
930531
808812
643764
152628
400260
556224
195542
804961
467902
999708
665554
695327
566852
495092
883674
524920
143032
45549
485262
658316
405355
822683
390645
389971
598958
376976
178994
242693
171181
275486
673403
926835
579476
256882
717064
39064
193963
851669
661116
509846
696440
684380
502314
19421
483814
469346
525513
699548
716588
940795
785523
14860
659505
754388
379524
161648
818613
496129
459017
480223
327151
239967
892476
295077
934691
169012
270003
899347
210113
281351
273611
419555
953726
454166
497518
395467
381840
733865
79206
231614
675043
452311
95424
639622
797879
497228
705837
818790
966837
687846
8468
992724
137594
66263
484645
128736
827769
884584
117323
775412
397880
567221
372512
886153
975619
537642
305974
122676
457598
488738
306040
107041
793146
762316
337455
927980
938465
629914
612895
627617
775125
989443
253410
803677
165394
63110
732540
427632
700938
580078
279963
865883
615509
713802
875901
456002
890992
179922
925696
433240
593614
693262
639897
803007
544448
370045
557460
472414
278212
872740
791850
739935
365449
923535
832786
451128
47485
96049
783078
884025
513697
685241
985186
404756
618842
697784
654019
515345
570086
108875
239704
769315
663656
848520
14195
69002
371057
767005
816597
597798
111128
609354
585575
425634
722202
654986
49631
439568
76091
434934
893303
425120
953456
510270
315094
60318
172569
486370
712242
745717
797830
791545
528285
131025
339749
574245
962369
267352
72035
137893
776438
916200
67835
608698
43863
557472
775351
695877
422729
946762
209856
951845
221824
158086
409004
255890
877089
796052
654939
698271
755933
930375
159918
965154
123608
178703
314171
92191
993361
729191
24919
498
117811
530474
950148
661636
518879
261522
724010
813325
308879
244356
371410
497519
280865
88312
333202
348081
580126
166548
299411
479804
22112
542144
640190
71946
520597
406157
23088
674244
641205
527845
926459
328640
81748
743155
730278
531395
540923
277288
772350
198386
423901
972867
174832
28744
990733
353827
854301
669893
145971
46994
245093
481027
978773
625459
615442
255538
573336
411928
813570
741366
931664
267660
366485
156728
301578
956761
287111
162426
919093
912460
219585
67910
778001
130453
854321
27917
994332
176135
177058
632134
555791
911309
337761
760047
833655
516648
362682
917373
232965
39856
154864
154548
980366
403887
406770
181541
842339
479972
622454
745709
437605
792576
962276
726363
24083
316621
193784
244589
488852
756178
917123
55903
774379
972841
853312
17478
368031
230576
20614
320477
828485
819355
636799
613968
408539
35397
106670
246203
531338
667249
413788
156108
433263
634281
322314
489580
734619
374391
143425
473481
232300
514579
83200
922406
381287
331075
772922
929525
65747
912786
177224
153867
917477
902832
697102
650750
518102
114809
454331
963429
896602
421729
618009
47301
312336
441345
315623
554251
548859
574328
923058
881772
152417
248587
506659
19864
536415
66143
551667
839634
195134
844375
312157
229507
108697
873832
536424
783731
741732
759294
702053
593118
510110
403716
241221
975016
604836
11221
189725
243572
876433
853262
840818
830238
244077
5463
489965
315626
366717
339355
467254
864097
987288
827710
350982
168329
25601
910293
733857
297242
823881
521413
706655
658654
882097
716074
787357
177847
872973
549000
430444
712831
329254
23876
598598
644228
870213
14619
788911
424265
545318
327884
490627
526687
937698
437374
102666
619352
727563
417954
163803
669691
305180
47543
159787
246529
245942
866255
387063
244313
71784
563506
580071
2731
766627
553168
199250
477934
436447
878804
469917
30985
490608
793310
679864
750425
604786
566724
323141
496286
243603
990452
985494
566346
737786
895217
280637
587286
950935
577376
949151
579562
505416
757157
10466
581071
582866
368619
539381
614280
11863
82579
987506
638271
644109
427502
39135
378384
46014
98207
147873
860872
620611
296983
19089
624962
175722
195442
398588
805586
660410
847524
676983
701494
979910
854209
936609
260580
65503
576966
461861
315505
209843
501299
80017
211054
311503
803958
528778
51616
836134
667581
664724
681656
484670
867654
222828
92535
424549
931297
26667
408976
299799
542779
522191
364928
722082
280722
441901
977250
538612
923752
493918
137762
185510
684780
84366
545665
238687
734319
26250
130320
580957
980867
313211
782117
258919
292200
872111
425368
108656
33123
853357
516796
639587
582198
460710
486790
409674
382339
258108
86878
605150
452433
215420
796413
694364
971023
898585
221982
637349
517268
296140
886920
641093
597374
452464
150019
266659
231170
581114
711840
870046
203611
139987
342012
227650
628121
334002
328318
996028
465388
528660
465287
574961
560484
228
9559
923774
87682
420235
23670
973979
791470
567306
912824
780197
893283
326596
549757
491014
496718
912672
515888
498366
474263
579078
813738
413843
538890
856328
191362
160231
375783
840794
126760
506020
255075
157623
349628
843053
498360
604172
739917
179991
709880
576466
169255
23198
434502
28334
811276
847673
261222
259703
571585
678232
491761
100892
509511
323423
184839
786656
658618
952327
358641
241047
160354
573372
149503
389999
101627
241158
722458
81430
693789
738919
604446
162088
223355
467418
558476
2091
564014
57357
505936
428524
299010
610980
564093
569916
270862
809093
55115
266606
433206
805513
484109
976983
641804
423474
315433
565385
157856
453430
857229
312227
765702
24274
256279
895765
242002
817900
851067
59507
619012
917745
540675
465292
912692
310536
922402
569
986598
809247
284579
323030
207958
430880
467541
793293
405944
799423
304875
891471
834048
91304
701221
271672
657735
113897
829505
692860
114077
333004
832398
278195
196628
774555
621478
698559
95660
745287
799410
120225
772462
883711
872110
937215
162464
278000
342816
925722
766283
350436
542175
833443
807216
546274
23118
811644
25212
454408
581050
574276
816238
979999
537748
583392
1273
477305
866574
939703
379701
654093
581512
366238
204839
499437
432634
392338
461431
420687
615233
106749
666138
541766
456770
4332
489122
96274
804119
927533
533780
203865
290914
293854
421355
86170
279018
127596
914475
849568
185110
956309
148045
236694
947897
943356
808811
979487
541107
215956
894989
752910
409600
325911
720099
777288
329697
256571
379396
73239
824594
729560
641717
737002
812130
116903
322034
143084
414883
838902
677022
243350
418937
674442
173812
489845
969715
144671
884358
315598
667049
716100
520318
893975
927430
116102
573409
707740
451892
231856
996343
803530
139030
861573
392964
715053
969067
92195
696240
49562
645257
852556
703623
664774
68195
26028
951323
903660
167855
218754
902234
73026
186839
311259
388400
804421
899347
995064
893162
152200
166711
197442
301602
552740
381057
53403
850149
718723
975963
818842
588578
621449
857060
25978
287223
841836
258367
610352
477961
346280
729622
213405
723785
616352
986542
882945
385730
997564
431818
518087
535369
233632
397512
741315
503603
214929
928371
177503
595166
101990
774840
820281
691056
483264
636354
308584
478455
977115
776914
486470
885705
280347
456776
24678
46703
55407
170919
379536
561724
660602
334887
108
315426
727101
315160
239588
124798
63079
468739
953364
412355
809621
407852
870512
938370
226649
132899
365548
925763
899930
808773
694502
923788
167809
929268
249207
961638
884318
735119
471110
627900
658304
815840
792194
11274
423192
405362
353227
305625
187158
940105
556784
925596
929730
737988
356434
575399
464908
704727
400108
791231
417661
684620
106698
347843
749129
542389
585579
447837
397496
569838
998170
400141
130932
168062
255853
455758
360341
161711
583947
772811
78614
729753
533145
531648
781071
204213
248689
667065
69121
372529
687185
627079
38111
555267
265919
273808
425616
560760
953773
351776
798739
258697
871933
955346
946317
254805
234882
404285
100789
749594
458857
271699
788862
932214
987718
716374
678549
552801
509151
80397
470786
568238
504429
441509
891025
394161
238547
182644
601371
673561
905119
762212
601484
180671
424745
188556
547320
158609
338693
406462
162377
125352
345292
492437
776805
266799
51571
124600
119837
918445
78537
337946
32414
236071
660932
97371
648499
840794
369580
602870
585751
24005
579870
38702
693765
546808
584233
627066
451738
455176
694780
538252
721233
353570
752366
517023
415575
482856
794943
697514
420089
23615
871671
542828
484651
170925
338137
471207
903062
142107
23743
443922
941243
740033
412684
551851
151707
170948
954973
616618
462930
709715
370594
538683
385079
751785
319522
788624
74671
595106
302598
879051
540500
699265
296058
547283
402938
166628
156267
916703
200893
764328
885041
294251
934465
425067
499358
219099
373977
146335
894333
250378
990287
168760
892414
892305
237422
204917
377017
516512
403937
549897
139822
404013
393358
381765
349130
792287
864338
29391
552933
488516
132160
46017
15061
140137
918376
206789
254074
209607
765902
798847
868005
269403
307684
532415
518858
344600
923958
878130
537181
716914
192933
551057
579829
297218
482990
729465
181989
933299
87086
830071
273648
555740
792391
691979
640149
907193
274998
231774
500636
816849
372391
31909
370726
507048
151890
549919
898305
221104
9874
585222
942820
90057
917937
586574
764435
798143
366958
931386
699204
938197
165064
936436
830744
462681
42445
166340
640538
823163
888778
604528
624101
727579
517905
433814
498853
503730
915215
153017
623020
835726
464567
41236
145820
561523
463781
930211
913055
67617
509960
192381
795560
198621
412862
997289
389557
320742
596896
11726
768354
401691
552627
400200
14349
830648
937853
805148
286992
608800
720733
898447
652976
589146
874662
227985
415640
230827
820237
414959
720663
334208
986392
109265
915797
971459
263139
21941
793462
762395
768992
10781
81749
477500
475614
150119
970628
879597
860210
934415
11816
681750
407067
405625
65354
727434
699220
785848
848449
842264
123711
653030
662030
280047
518800
453546
850725
404762
717740
411537
473556
170014
728665
816404
536920
376765
265948
773166
182126
780326
578558
793755
373571
337358
52012
245484
787384
762327
824259
319615
849336
833426
216080
513480
456506
408964
907599
472959
427362
351189
922164
227794
840955
150874
846093
881712
938288
851937
416199
494173
928022
218330
32180
954470
644783
790159
377312
682468
27021
9132
730497
386845
986186
763945
892595
660005
552725
597236
825097
170622
807591
709063
807966
814145
333613
288165
491519
915536
961335
438715
834816
378603
396209
882594
306543
507857
526192
757062
692270
381894
800594
414116
846767
371876
74584
321909
181145
175911
202831
683476
887153
446742
251885
806644
716472
140088
746894
680777
949001
95033
962582
662681
851477
141207
806701
514870
768681
578014
768173
416677
147492
598291
101478
385888
30859
928707
205407
423569
966807
362896
556621
726917
202769
817386
977332
944684
317716
40565
761285
759093
900073
775421
947443
668092
297144
684581
596894
126626
924101
453589
757923
455196
555863
187081
165728
887858
807054
994188
631291
92427
534154
55989
831008
248027
658702
995798
994928
209478
797598
664334
296472
917976
850881
584674
382052
667926
1139
369097
868915
498748
22223
797296
414742
140580
637314
611426
378752
134121
645867
199630
368509
573652
426416
225931
98836
251152
196221
536562
470162
529422
939711
331590
491531
397346
214453
330679
77731
358688
905532
69549
12439
792125
496980
874946
136302
540112
231376
857655
307348
60624
599904
508971
257145
341527
765016
526685
525167
658467
766063
257105
690697
689579
532206
114757
139333
494153
364852
406978
376814
613873
624966
934756
961766
526200
928688
4283
538810
709449
876698
317445
315950
771914
839882
84917
336128
114940
914387
16765
279744
469142
360763
378287
957920
359620
527274
229115
576591
536157
261240
67812
524758
656378
81168
848673
742007
696797
440500
367088
591913
596048
443599
35960
365078
848401
688821
495256
48719
879540
607139
24547
382724
929239
696763
385509
85585
79777
610899
717630
627578
644479
614850
59690
258377
509584
11882
250687
564291
119901
701349
697346
260561
257842
161982
412556
450797
657605
556385
689780
762842
974775
329292
130583
283391
426836
888684
466866
393342
518704
67839
573440
88695
286371
625860
664873
122970
498398
239154
543792
238488
514121
735654
761650
998990
995171
645460
324249
999116
412283
629921
146921
178706
616549
194269
180267
286929
312637
458033
899094
736348
430825
429038
872454
11027
74142
206365
700821
548197
372721
155778
376164
191788
351727
396317
658845
524410
712725
254041
215956
128673
888796
834974
475638
565463
942152
218998
555539
285189
474234
106780
896920
58165
314556
13700
113512
293655
982146
287449
332125
510808
594516
513709
81627
662739
334741
158693
511356
755296
81093
623460
556682
868340
292917
296811
44998
342548
604464
404114
363314
278699
949491
995854
867591
493938
199000
824811
398188
447095
125279
725999
324183
41323
275704
973256
879876
700003
667993
549446
947331
915753
155612
362630
805098
501666
729064
557210
668421
947440
317387
758886
996578
231074
123115
274292
699841
482677
759359
569443
874973
610682
640166
68343
166198
431222
623413
869013
349249
109302
70892
896371
431868
690851
166987
460349
655830
150311
473225
62156
287218
675946
893737
215467
41193
743083
19171
485451
458025
915592
932972
830797
79930
424744
957430
169304
150116
85226
263326
793384
88211
403945
472501
227308
360636
661662
655557
973759
422986
856468
707258
63891
109358
695274
919040
888441
526955
459688
262013
365947
53870
293542
920891
708778
428073
957851
776079
469227
747856
130886
871524
967870
649397
646731
388528
975819
201450
305485
4616
312434
133365
361701
684730
964317
460598
29618
718903
851539
123793
438769
562145
979023
866020
463152
746901
640724
172262
602494
457371
725850
515518
815322
741241
775709
204988
667584
694676
350167
656768
218938
260552
747387
756910
984159
244493
129585
920388
860588
533317
32368
82794
167614
842071
698032
365604
333632
116856
719068
512814
511633
521377
404142
239051
460414
229135
624881
484631
371430
883054
51661
445151
934663
124785
143564
146847
564389
269994
32386
627523
601290
98185
365784
122363
998466
401289
524363
604355
658059
807033
589726
174620
946855
162452
921554
635314
804550
79657
628716
359471
279768
229150
542669
217292
932479
59215
974058
631255
222591
95773
379635
69437
884672
692287
980073
201259
831277
806504
854893
308202
795361
494871
503670
592379
795253
239559
264318
780398
931258
86325
932213
783959
219289
126513
206624
948957
786762
421418
302149
314338
442985
746042
624695
441801
382341
847164
42329
608918
187106
221552
984468
233977
50976
5076
349794
591740
827443
455955
175054
121739
13369
230518
370170
926383
244203
133154
171313
67936
994073
571327
243905
543332
83275
177275
493375
892354
966631
837775
835484
371642
443486
5148
572107
188405
55012
483904
840960
192767
723743
385900
938698
731702
158253
100368
370444
972507
677189
728255
396332
458461
851787
777528
398618
999878
739612
838677
695615
934452
160527
892881
267306
203336
602507
719947
413257
367041
605472
130874
195548
937719
869902
690713
654523
59732
639626
216141
217442
802606
926680
351619
452234
284868
730028
896182
702997
584881
36667
236663
878232
801664
987644
814069
238856
544842
621413
952043
519522
185020
119984
659770
592
713317
378375
295496
592263
440173
145199
291967
305063
827399
880154
582413
49630
206936
167342
449004
710559
385207
645362
359829
220717
886873
166903
30392
72761
804074
790117
999152
189103
598218
981572
944936
485196
267775
336531
641566
605358
269118
382479
318840
576556
41123
102160
685875
316806
300820
902289
417036
380017
291833
853545
508495
644262
579809
622013
831529
488457
113720
671256
911864
813689
916230
149200
911055
631780
594476
823017
899559
457853
709642
385084
69751
269197
403963
94159
671473
770474
942697
927631
405074
803071
955518
921151
527372
263277
302710
307253
465563
836099
289755
115548
860958
590833
392676
62906
522986
69772
496219
236304
886083
464089
122897
492543
397689
789042
842199
873298
775848
120272
483231
224766
720758
813352
223468
246821
556415
478531
887609
433291
273215
962675
307512
382308
400401
86412
20405
671668
561716
236098
214964
192495
770573
357397
198038
30611
97817
660394
148721
584591
56640
110136
714283
605967
997601
676812
885102
60484
14357
713363
637545
66107
857149
623715
6980
650617
27996
674161
132435
525761
528768
88017
529075
419992
56739
957376
66529
807119
906270
778649
930231
460436
297459
849679
211686
350530
16781
35433
69287
842180
699862
362541
757799
384486
259342
612435
344064
348712
99106
311100
980512
878189
794108
827062
944487
652404
467846
208223
771545
194698
605740
422497
483253
299342
966923
125627
583891
778254
473426
617034
266005
724227
40132
955197
956857
23682
602480
519698
214821
788795
665874
133199
804071
222777
386723
689535
438586
975692
907713
416207
150715
57446
838699
569514
802026
320405
659304
118023
798384
216265
370664
971133
84709
133823
627575
788952
388991
77653
796249
611991
567143
77456
555867
14785
362602
525997
28688
489583
783805
287196
439194
858204
130782
292882
427990
400093
287938
480164
18199
323775
240681
417376
957577
112942
693945
18436
219287
519588
880196
17003
136637
311791
858137
874134
376223
891374
844792
352843
783495
973145
852927
66847
824166
131991
378800
646824
518680
675771
360746
222030
28184
572460
194839
258159
266512
193419
855604
683789
52993
165084
353705
978580
597950
480616
912592
453593
328248
446804
411524
87004
61524
467105
560905
859703
80998
820766
365233
714563
85246
220678
629276
145482
502571
505161
971321
544805
194308
478034
782492
271450
796249
951574
53063
314516
446836
534584
183950
102230
919109
705842
973600
644511
69295
967134
302599
556464
631939
470474
383024
214974
345242
391020
421300
136244
740269
574537
683656
499251
154461
522031
991097
334802
99061
715711
135229
27131
949587
104129
760130
218972
969765
476891
631738
795904
215313
892926
456012
871096
382768
852929
350736
851483
109326
534046
986526
416233
978179
451099
445165
810495
301618
455545
520288
568827
379165
606333
833979
605329
600301
412580
857081
863641
5792
586530
893902
354020
16508
881531
466667
588035
420752
942322
114260
130643
353109
463455
544569
540276
41117
979139
899151
508220
298600
607260
659409
180903
182333
771517
135364
33795
300294
113684
113994
944443
49379
554910
112345
276605
134452
883844
577519
758515
890596
561020
540275
867403
523716
378184
284195
702028
538868
998710
287966
740979
666907
985503
273339
346367
401760
480862
402525
572562
103669
291020
930358
249842
58215
810756
592170
478162
831257
662620
523681
68386
545732
746945
855682
616103
43001
885124
536473
296557
15007
233620
229633
496343
728909
509350
494781
654876
843761
468387
547135
841138
564972
740249
462318
299169
338386
549415
997713
332896
267402
218908
878164
434219
454724
722292
805434
115625
431833
703667
109703
505295
114779
135273
853903
814756
389068
502785
245975
808956
357275
123601
832113
518226
12928
449644
971101
188579
865082
390578
579454
946251
317093
378129
696937
235763
94112
540704
180555
578818
156154
711536
441984
961397
778165
600848
714037
240265
122971
5878
469722
431267
141424
626466
535857
897698
630927
147154
966742
349547
916508
901853
606010
938549
677171
534285
17989
993676
357921
853473
558969
537813
870305
612698
246501
969068
423330
580750
782965
407240
316875
72196
651459
331188
461463
150715
722422
771154
179570
63024
594321
548118
4113
563905
315258
867875
120709
103226
150622
776069
386816
144429
788690
773948
424431
968578
650485
533210
912165
585282
747924
637757
551895
551878
375619
373399
959792
101748
428119
736701
23829
865926
229438
666185
681321
341040
388758
751601
818550
984603
676079
565690
739873
692082
657293
155623
31795
189314
225548
556754
237370
554597
299253
739168
54877
240646
7376
579130
610022
10058
135954
914950
333637
58411
63783
436684
629918
171181
4867
460663
184773
977123
646716
387503
708709
572950
805917
868447
253698
111459
450565
806547
844412
491054
698883
344174
859957
52414
586438
231400
912102
308875
621735
729902
916698
716627
224826
418215
252754
890831
929338
499402
960544
344532
39100
141228
602069
448966
315360
39121
257950
478922
608561
46915
930720
511678
428222
337455
651021
415789
647355
354973
187899
795756
715873
97049
653688
61546
541849
409368
402055
593638
499975
885444
679857
391704
576116
793707
201179
310839
79305
637961
809714
925125
658746
27012
695087
177227
2094
767995
343248
864630
450725
200308
575220
407363
266382
332603
165119
431256
817689
130883
213511
594398
847622
758885
831045
648859
575738
389868
100332
548109
335437
945629
50111
436
999944
436984
507486
698746
890483
989994
831350
338292
513096
960172
179108
763411
560193
242678
452751
627371
147397
890134
590144
113584
468593
690942
599040
494865
796633
682028
732438
60386
955289
213271
492982
101393
180771
430984
742179
420739
748379
175850
476910
48082
90368
603890
435772
995414
488285
75651
886303
548888
856235
857197
192537
166764
948219
693514
561931
931272
824642
347697
308229
581640
377770
858436
352037
987816
558004
62185
846559
181811
97176
86126
733983
195452
931477
458458
576989
259357
197528
168662
678913
884800
399378
7892
164076
231349
92649
300360
652929
423277
314050
84234
468822
559888
386642
368642
600365
201719
387520
142592
158532
8758
342577
725804
84845
114358
14003
822064
335547
675202
915330
315265
51651
352701
480368
107394
362536
490388
754377
633271
19815
664148
482790
462452
795125
792540
932256
311716
275097
102496
835000
242141
445410
117105
300877
743317
346
921596
121065
352894
236937
407737
746789
540278
972009
138171
17641
275596
213058
910521
495006
227377
64555
91239
292002
86073
487992
102936
368265
482763
85450
147679
447612
456331
162951
273494
490733
772671
838260
991894
172882
61353
674722
546396
215668
882713
209282
965389
900838
735073
266327
953788
970148
40294
550865
726029
422118
481700
75668
800958
218372
186337
723322
17243
517059
798944
978512
492937
447504
404731
681024
426751
197914
20759
29540
811078
721060
727962
307677
198088
109386
598195
721895
38370
151554
220413
235696
765759
990131
436695
93126
99600
329666
598398
19882
355621
932007
476938
14355
498477
430922
158398
139863
461680
831381
138843
57558
457523
308901
633846
876310
600114
49840
237404
628292
690012
785593
374376
111270
584310
6579
811898
444939
858226
70191
348712
776277
843079
950298
762008
298243
200383
470688
194598
584105
239369
996002
704533
407805
8670
788147
563878
825353
725783
283903
808273
732938
413962
146344
306749
256264
942069
87893
543717
169022
852817
884683
154629
468779
941623
375302
659110
934189
196270
291179
317088
851098
549628
794746
995545
781124
242398
161796
355875
32685
398815
532037
813132
866809
743387
53442
687868
698130
519818
394286
578454
770275
773461
8196
618476
599616
427637
223076
228458
165174
518028
886580
829706
438127
477897
787520
661265
360021
920028
945193
398908
272046
335263
525118
360070
464691
65128
727152
165477
370345
775232
851395
853949
267596
319864
395831
189979
865428
170078
222662
732890
357682
257635
577415
223065
490266
48925
164534
166428
223903
313808
284978
574014
685336
340826
74881
891483
677004
536694
337189
861912
708628
95006
83267
298702
498291
938879
838779
664439
599260
581781
920804
867700
562898
953968
402146
175061
983313
179589
817788
924864
177256
17777
993717
59504
2205
166353
563423
122224
645631
380044
388740
942931
228477
212758
143293
506134
735289
745274
438509
445391
515954
373130
48789
929463
28126
457950
132216
324020
131632
197915
738237
121895
49002
43413
271544
201156
218555
966138
194116
504089
800289
209779
859066
458449
713242
36209
442296
713270
646985
56119
554184
286185
74855
578259
408482
411080
685423
416635
795472
898266
934249
128604
311061
198366
234347
570818
971329
275421
221207
786574
33732
843104
347314
223913
685516
825931
525573
598090
417747
539793
998854
79988
221889
796046
259528
684772
219346
677854
618878
377679
564502
203560
431670
544779
479225
938112
392463
155140
522449
30587
130009
913274
386998
14172
293194
429065
833649
71507
472585
44165
542161
602527
183502
305024
103880
996100
574232
663833
871024
498778
480688
342300
639130
339110
757188
328279
776753
816505
415071
45909
855463
836851
728130
964461
47603
686455
146313
299244
972466
142709
623934
145548
473215
776665
978272
899772
767609
554625
772750
132171
23267
630436
999520
165885
380211
285664
756870
254685
744480
895590
351999
876397
13810
242203
124023
984875
654343
773986
667642
926447
587698
578358
481929
419166
457804
446067
216522
926495
94211
72286
860786
329235
338688
369749
352447
665621
8604
821611
889832
628950
729728
8728
207060
65324
737991
194030
930539
828548
151010
925409
728627
519624
588561
193263
877253
229896
619296
772449
115433
567273
16742
646020
887537
226277
935038
45706
600748
203605
583837
240130
867645
774174
469030
949215
290355
531752
822011
95508
161516
400071
780382
596898
817450
51699
150876
148477
301965
43459
785665
524673
574304
77357
331088
397684
496630
507379
498712
22543
503499
576411
491158
837530
832557
485739
739427
5225
355655
636548
328669
985109
273345
869375
610945
735240
680892
655522
283759
550571
482317
118386
257634
983748
501545
350726
350816
738729
209419
225037
546732
99309
994456
638667
208252
887311
959495
909624
650789
984511
694781
465444
633906
150316
781972
574552
682938
615114
444122
653697
717910
808618
303613
834520
688721
265881
796799
670304
205716
741686
10254
643031
435226
77115
408885
860920
608766
129723
54278
758241
464074
42838
673314
281827
844239
321846
53302
440804
630301
172895
951315
908338
602697
719064
88528
60041
305868
863286
219737
470935
384862
619849
178319
466906
87380
9709
916299
220943
545509
431695
490379
177716
249479
573181
194887
892173
14820
273672
325257
172657
492997
65678
212035
262093
411194
166264
199058
470350
784571
546226
970789
85
8588
884770
336213
633921
240614
706957
302579
373087
27256
19109
798156
268032
385883
813432
35798
581770
254783
546166
619173
933903
919981
170016
383781
299104
682440
121923
392499
675371
493026
425995
672749
849261
773953
69363
915554
4789
583698
549498
216514
151078
476381
109531
964775
226217
956983
571696
165008
76715
119032
60836
110115
144547
105171
891095
917131
225639
485844
689186
100486
528831
333939
950156
464897
840548
629134
128798
154670
643309
441496
814826
21421
547705
778952
858774
358206
827047
559757
670080
363449
19391
429914
343978
872315
992750
114064
312198
322263
528047
265427
16650
4678
387987
497966
30311
182638
925901
720733
6446
84329
511997
693394
999191
25945
229672
444063
622695
46569
898948
867568
506097
484960
927600
785906
641922
398890
464368
971758
239827
956032
264591
863600
257025
365044
41147
843244
673138
479219
299512
13186
678756
588177
755589
381403
622544
692097
756613
299950
47017
56883
594808
719231
275719
874486
752408
156440
187816
238143
544852
84815
32299
544067
134597
353753
796290
786845
43007
558689
116139
89772
179180
67468
564034
908603
772727
495141
915640
963969
306861
526607
500808
600207
800030
448526
913487
913711
891226
479071
303168
262104
967150
938713
838213
666598
238308
137608
641132
226014
317220
109646
551871
65844
144510
148132
353344
255710
588567
446473
646448
317974
479531
739406
224342
750372
278678
711251
637459
323379
771203
513256
193553
480635
188816
671769
646788
36123
43030
908200
48468
433222
24746
867875
871088
123848
686731
32270
577462
319105
873530
692628
743493
132650
745411
210341
420043
60697
300607
495909
611773
593037
345247
97032
36466
771862
372476
839425
719662
110963
11567
278193
313251
522715
298846
52301
852334
935587
943172
862709
280629
854393
720371
134202
544288
208965
403150
824934
600432
120103
776587
802397
955526
53857
842997
146100
848554
845674
510290
197032
348778
156917
522185
731209
684731
121885
217462
868287
111910
646348
930301
44047
345109
771913
808845
90615
383329
39149
212642
605762
737116
132427
218152
333863
670414
649882
235583
683656
988761
208770
750636
16767
910497
102176
936652
380538
668259
102987
156439
443489
329843
193001
617665
955635
894144
814383
502016
50454
805164
339677
934296
971615
294608
864118
662816
427590
457289
409168
497932
899554
125495
590047
184121
451453
444659
212504
931403
994036
256692
324574
323324
448017
236236
906503
14602
278442
859930
80545
43206
56082
88629
275955
744361
591707
522583
44108
566088
513258
451482
499730
184303
981693
697666
512435
917046
631366
845218
758544
462573
226989
604155
639740
271426
511178
930431
428617
898985
738288
743608
194521
198803
263715
396146
7976
928286
861879
547741
302511
545201
753412
932275
70594
687736
806287
924994
38130
575799
495449
604230
847135
994157
291601
743042
172599
537642
436170
417938
941421
814433
207270
855624
977439
345466
765593
748400
785631
879122
688912
380348
447878
603837
810739
865908
135051
412144
914559
283751
631852
127092
40182
766846
844191
931064
692408
1902
489408
203731
984070
79611
168444
539079
477258
347547
108515
145214
988190
166695
992840
516004
240594
177773
769069
779607
141302
365917
239012
486295
976158
474955
197534
586521
331255
382845
876363
772681
969353
722226
66351
694971
626244
702340
603349
908039
334743
266852
259971
579703
380935
527040
255532
950853
489686
766459
817713
701492
99235
129043
228381
75083
396959
971665
261419
128212
305062
541327
495278
871891
49380
534105
623546
902862
380246
555631
737520
536437
679932
261123
820879
114999
709365
695564
899012
117774
808871
105544
988027
112655
453776
217468
202107
576443
441992
973477
129724
483330
960842
157625
906368
627687
921030
388149
241503
144617
500504
515490
773727
952917
575029
504092
66414
253934
96195
375655
68627
480215
816988
8911
261883
217990
175131
302408
135263
958167
531162
996930
505233
225488
257405
172932
817661
84362
173268
345147
258595
875683
309312
634765
480721
147934
765735
586426
458634
647949
152604
65969
86157
928106
304663
124238
722813
139083
288928
254028
230424
94001
135330
787909
365369
515474
400510
477728
424170
535320
172618
408931
664031
668046
911026
473863
533923
933092
217173
713586
736443
596523
999478
985849
583159
695927
840186
369337
607434
108687
857467
735334
797036
554985
674724
440972
327607
534007
377446
875767
412830
618702
104535
716397
101402
168807
18149
622243
854998
828908
580409
868427
307520
248116
665819
912761
299017
786103
54242
540266
353076
687376
572163
142385
972704
999505
46129
840667
875810
487452
910670
172436
702458
761364
337771
742332
853513
611499
146411
664941
178994
192598
45556
795086
401027
933028
948114
43939
226944
154812
33842
376729
441350
489608
501198
463256
944068
504387
379666
309784
931848
758944
30802
388890
690056
199910
939876
432418
608246
336076
950158
797256
878880
473698
352760
376577
894439
939262
331542
369481
796869
803672
366713
285042
865771
562638
448366
25935
552217
65717
55045
522769
401776
632479
724931
986937
118500
892687
600938
265810
6849
489479
384127
256630
645518
510878
561912
376288
43207
877666
116453
870814
34122
119658
979547
575210
937926
73147
924513
278602
255644
898659
745701
140281
10489
247639
90652
304918
106817
437817
708456
217489
601093
621247
62324
658374
967617
155436
951842
658425
370323
748606
206118
943654
269185
64058
828397
298758
604061
589891
215968
831009
676590
506449
151371
850963
625127
442623
108008
490129
259254
339568
858856
278027
564450
945489
414898
921307
810882
879165
277668
601887
887708
995663
128168
475880
81784
294326
152843
629062
157033
989417
664992
957218
848701
519953
616517
907075
352762
512571
459791
128044
309071
937019
977535
816303
241111
125755
556327
182474
725001
623681
586601
620940
963302
948347
688880
235147
651159
992946
926034
356656
1296
699277
933596
586701
76469
306408
150260
152569
183647
256764
827700
368070
39996
539020
875541
442828
591070
584212
408969
273365
121392
747753
363512
850907
662001
822854
889571
939811
141794
543936
439538
841806
699615
422243
78802
586360
123816
377152
133292
229687
837727
997934
435716
774519
114576
792458
957396
715999
845214
362133
52142
756237
436189
187692
834361
369640
76069
768099
904815
11755
895915
714674
598264
709904
672243
712254
554436
559311
815628
479287
625157
479707
642511
862042
413091
131498
637559
228426
308737
491030
113295
646736
897587
7741
577628
144713
28385
754455
728813
214109
922200
697181
431323
858666
179734
461510
663624
116579
967587
962992
596254
142593
188072
650056
270444
402324
975569
487207
796636
499064
449304
969753
173492
622063
491032
206381
602416
70584
26552
490195
453539
978753
958677
184654
990314
308280
601734
711578
804742
598676
389407
229842
958331
225720
853713
437605
794585
824710
397827
152180
667191
934367
522571
421505
243272
642457
711154
594568
247516
151846
454563
741169
689516
105825
24250
690533
64391
274226
912832
485385
42422
442060
363756
749903
399626
31255
234396
96859
717420
188206
318331
507937
438156
133411
93895
633302
960246
730081
566243
502464
261947
63907
133725
144660
565718
862008
946911
112685
927442
849778
833884
143628
22238
605315
899192
228168
136541
420076
64138
512182
317972
377090
349630
141740
743
446550
385310
516887
744897
767196
331438
703220
966162
252106
4765
741052
174310
635668
289245
938514
2684
635370
650254
250603
994624
15492
329240
588496
888256
437764
26179
306488
486254
590687
478455
305976
929872
6263
633055
445071
944317
182932
425714
501609
210867
996868
294752
95973
60879
909293
525695
891725
7934
896916
984566
128360
60949
227432
442937
81831
502782
997111
38782
13410
847618
977122
828061
388290
229038
620550
367531
230737
900437
706976
487398
611441
506593
520036
300709
445415
160100
133756
967758
861822
221588
801888
991192
410765
985408
535687
139921
26209
997366
530078
171238
629688
260803
926698
639365
479083
524698
186564
872806
377754
199835
188783
788855
422614
95337
275849
987352
603905
320301
162032
694165
887667
97965
816960
516500
198306
346888
51787
327371
293677
554468
238469
160207
231026
375761
395610
699543
34975
80912
537819
25953
431941
876436
426880
278703
372294
136131
825720
744137
867238
674032
70520
856817
622649
974925
98190
510379
298031
742436
691481
770479
343792
417883
228816
556254
167034
337921
889279
904200
696464
178282
783233
230690
118151
852624
63689
448971
819365
375289
39704
385410
164053
196963
139264
48537
226070
159278
14342
573991
436399
415928
527922
784203
489801
258632
359621
814485
606579
609044
103885
838027
573705
284728
51331
387117
91594
790619
146704
514456
480396
987410
682898
852474
258789
712221
677153
390316
764545
675476
747988
645148
185096
225282
196850
279107
768242
327366
458609
700015
804259
477122
85452
432203
856931
246816
268882
413137
932675
182268
985290
132935
854669
702188
927973
644564
632473
369992
378190
850845
610651
735864
972934
334128
345558
262131
68283
276346
640646
675966
81880
580735
603642
626063
561341
668701
781370
645087
287909
202531
784495
849107
386915
122223
295961
357660
710014
465933
957492
714594
693188
171892
723740
416817
637816
425532
904421
267440
12839
120473
42980
279304
384542
949683
690056
937027
473968
903951
831572
169928
589727
734169
804861
138223
132174
718101
959739
568810
578514
87650
735986
712623
675716
540166
555843
226882
283423
544767
674945
557528
991368
760822
466055
913684
933825
434138
193771
377956
402819
125767
555908
189859
365758
561042
90524
670423
744022
743855
453936
365224
306460
425502
560649
311746
815070
407660
268723
653555
8802
504792
310500
831262
97179
730721
869472
676936
34238
34320
414880
11115
330748
943265
879009
368772
604365
49866
586377
642168
180471
377496
393545
972508
539176
775795
453915
531590
343486
30051
519194
173064
942676
161233
117669
629709
478387
681069
512901
321999
108833
249386
412795
202476
383802
453244
595405
989787
611275
372667
867445
679809
108409
802196
87766
991739
742880
437719
485801
485855
558790
181993
240251
838232
906263
175028
670386
935475
340700
583339
734515
976474
620942
546668
260049
892286
315884
353742
503132
186021
507612
791551
420049
332815
242936
25421
673602
836307
79352
837338
785483
592753
192319
505252
791598
244117
552990
169815
794715
23937
174083
515354
132581
331930
995188
661380
160705
67478
395931
934058
462868
534211
647316
266483
366768
633514
753622
953434
410396
453156
693956
552380
459364
574647
564994
633152
219631
500700
157003
711620
354662
539383
602459
602277
637366
275978
507947
725371
690469
380493
696180
255149
295909
555264
554782
214188
91158
153767
622642
719737
335605
872449
358759
381246
360257
646004
44352
919454
372604
753821
449591
882144
266578
709424
943100
540388
472001
394680
776518
825776
444016
799489
183511
376925
8222
893001
267684
788945
820472
270215
754490
325683
195142
13213
43196
312820
277278
661005
661896
429351
68441
85309
590204
532312
27680
841119
960070
361286
117309
403519
274567
708058
289820
61227
240286
577065
938583
141291
685816
601433
707564
869635
923936
392992
135527
317405
896655
54719
948434
222198
517190
534891
202958
989767
128568
129424
302692
384347
756328
94230
108744
19724
275821
79396
489579
584292
16686
159351
661765
207344
296701
73086
271359
206047
390336
799461
184818
125763
616000
377088
36541
890849
913292
772511
311295
744773
700809
855576
81425
876337
859896
810950
752098
220545
395051
513849
24580
213424
127308
423964
301595
323400
992453
285340
822310
368388
91654
940778
66355
967301
111367
128498
356801
844141
707921
790808
726004
843510
603068
242886
8122
939230
48114
597000
784942
485494
699365
929468
187225
909977
236076
971628
170098
679795
206589
808134
874265
186871
277578
418146
258687
962746
298379
10560
667162
577238
966980
103020
961084
920256
698535
88382
26046
559369
709703
249337
956828
396128
132688
124565
922111
759268
556439
854369
759689
564377
142082
165342
370852
406160
321775
238371
817286
712645
503985
967817
167713
623235
262783
443947
891533
996832
630950
934105
449532
990646
544363
42481
898986
620367
280439
971145
460681
924071
126244
517506
118268
807963
262558
651618
526126
754611
487433
468173
556077
327818
27114
935801
935006
232737
331465
303766
587818
963364
885741
255869
209224
510599
800160
706703
682662
995834
333769
181721
620198
457605
483695
503039
463718
594096
45189
928227
479736
223520
786728
486190
504958
859262
369771
718557
349537
213366
318274
722509
945869
780597
728646
674599
38979
144316
791640
361158
382866
798860
822960
105436
481523
34260
745829
600510
351775
603259
854675
885059
938502
813449
449829
146587
528274
927215
594554
568086
688234
15845
467280
204620
943578
916511
906738
617815
949603
868928
40963
258468
501210
84102
692438
753818
217007
25615
488639
588811
941256
92407
564725
281618
746161
490567
317359
455130
418154
806486
352596
63715
823763
664649
827928
808966
207032
47097
741144
233812
388570
729096
128729
26875
936769
894492
59718
713815
754575
522605
543920
53306
326847
652701
385851
139999
953717
553255
385023
298915
148786
54698
952705
608151
117244
392631
349203
15161
288467
363606
467971
841201
999060
404670
710451
124410
588769
942367
287551
404072
134541
160358
654591
765486
597101
101436
412251
973659
732740
208709
385323
89128
491929
196226
299806
223474
304138
91806
189502
137502
111922
857020
84547
259002
894542
317187
643282
762210
734555
618308
367852
647479
645788
945999
933089
566923
789543
938523
889216
310794
846081
187663
407800
971660
821769
62694
704103
20614
229813
925488
243657
600457
215840
10137
301827
930602
475849
18089
963045
210332
468378
985365
19394
101173
739912
346527
291885
415182
142010
937169
114396
797806
475749
884447
42162
7587
309422
876659
616381
883551
7242
813419
399875
162327
677565
580499
30536
669759
391639
715209
315270
916435
372839
186233
12045
602231
182125
922252
162861
848808
297904
784914
144806
966719
37174
648806
645168
322050
335191
818551
719817
398032
424957
163460
584844
142497
292180
734139
87100
58422
498741
109392
264944
521183
279563
750568
432061
629342
894875
163499
46769
727908
750869
401463
166113
812794
864833
117243
616189
850851
776261
194772
433721
480782
404972
277417
453545
940627
404830
812772
748654
952380
480082
284137
659702
800151
290949
857877
31874
421652
265518
872868
93031
737558
700774
877913
68238
92897
997918
125111
197097
427628
941132
3811
859021
710633
196762
145485
980844
673063
596817
966000
212511
266589
891481
391195
701272
874598
348518
472144
949892
670968
862605
864398
824948
766230
748540
893911
225831
61918
723703
686648
422870
553935
922096
273974
78857
388562
592794
886403
612582
72766
425753
760734
276848
783079
437051
73840
726610
433988
548145
432016
199486
700689
815087
523631
409468
589669
917052
926644
27686
216877
220972
498927
968695
453110
165483
685504
301487
842247
880121
604644
804233
478065
76291
425500
440076
639125
645053
458802
612066
113729
601319
441146
900124
445358
571726
369228
671792
287739
567736
880963
40012
163738
17960
226819
233011
892274
860511
49529
42958
916924
785120
265472
175869
113346
93334
873098
849256
551056
800763
485339
429853
569320
929651
985680
277698
803310
723991
333456
83514
622962
129005
25534
3865
378266
493535
570399
345443
202877
574321
443563
581074
682360
211102
643283
540511
401721
912190
329745
954134
633099
251396
831355
184931
563683
933816
208727
492231
190517
837007
129443
495594
38407
177772
293301
381205
689031
763919
141778
726041
555179
219819
803275
792871
326110
969074
259414
491945
225902
42215
941427
666473
324034
968028
119848
832603
722478
952564
626736
121131
237400
201933
337306
359083
131458
361228
973214
220917
26616
13210
294820
310878
59124
812307
199215
575894
862338
758759
765379
493780
993781
104219
330493
710796
50913
479588
807628
862330
958853
367751
317067
611884
916959
309469
920796
662264
346372
756924
223646
229706
8603
323088
565431
186897
434481
473714
456163
883092
970103
628562
971836
900125
822664
407737
615242
909414
514800
606451
698122
704855
424154
828425
32694
219823
443719
503314
775324
440765
514880
902656
948668
992489
248150
403705
235188
378926
734650
711391
542675
912539
561967
256812
751951
991709
14006
495699
464985
229870
656765
509283
278489
134536
213269
677746
188670
28985
632388
982594
879789
918874
158185
378290
38630
940299
469943
710128
906098
159580
412474
572354
303251
24411
595718
169343
76291
57266
47368
115311
618109
224068
646455
994888
652402
37600
996514
612591
346751
29059
427907
526848
678654
738024
722226
85811
2006
38688
406551
144614
599281
911881
524926
986874
389668
642326
588005
778351
950526
834101
921707
727373
378781
258226
806608
336154
782967
689807
548205
804525
543366
19748
952033
913739
525212
330684
403898
967656
390521
681026
445335
59215
148857
28992
421866
987496
105965
995591
828467
871793
513063
621778
72689
956009
548257
591897
304463
635934
788661
885839
573912
938114
58932
312694
721311
258197
812488
867217
80984
536929
587140
245509
112586
330019
892494
366651
803774
603219
966792
331601
866803
353032
921857
183945
552106
491610
991076
790424
921149
247654
577830
35469
519644
167988
658353
203996
952599
902220
679533
404964
233603
218046
529376
885438
251401
189100
657169
817956
490827
171704
569991
940719
100902
87285
57405
837499
840153
47814
922795
500672
73780
339274
649850
139875
622893
479036
159235
701683
355324
711918
433760
39266
483597
669707
224440
611063
607794
784350
669407
327221
475728
812444
267756
108727
779958
342064
443884
815693
377185
172277
3058
474973
316086
457161
7564
819966
945599
936956
499684
481166
639136
553053
605498
742514
668028
776284
600279
920050
511133
354981
189725
54565
602653
317972
666228
509572
938198
391234
358649
417990
214116
168304
607588
557766
776412
176500
892637
597006
705811
856135
190644
723482
536698
545977
33919
832979
959590
164119
776304
262103
533824
134910
43152
8010
214609
663397
810047
440466
399834
284092
415544
263420
981752
384461
791902
863644
903803
808429
203210
253655
77044
999923
182592
153111
999265
126915
241443
503818
92176
928857
184192
708476
759524
499648
444961
312096
855872
19222
365783
954674
629401
607602
680321
930117
379330
15626
661190
432294
694061
736338
992987
989923
743730
414150
687790
245515
850574
232381
811100
439257
604924
288280
452144
228368
487996
670625
123057
515024
772413
325662
805661
921865
110724
98320
174657
269383
496179
385649
176244
74843
794918
209446
823090
659555
381760
520313
388491
3573
670344
889394
566581
718224
163027
45575
823878
769623
62692
319266
363412
819256
180444
856048
732224
957760
255904
162233
653742
935460
195215
227260
536024
211309
520162
336568
737951
772899
65550
813602
29675
619638
192906
471417
184213
92085
411219
492329
741631
88379
620768
129067
266924
120520
847160
370138
660665
309742
587267
673282
87820
731893
843764
358346
24662
356837
257074
508761
466127
580216
943967
192739
568197
791725
850219
246469
607627
64030
989253
494118
392882
584715
451636
257426
386726
799823
754961
770703
885280
12335
648198
821837
388876
574172
478370
412295
693629
113248
297024
50560
759369
435684
385396
579322
50211
439527
773195
133584
522208
998820
938017
101032
162569
114522
877373
840707
747356
809669
191489
835843
403030
83871
130107
213438
68568
382577
973186
535740
820852
894595
59386
243269
70242
727621
905849
998543
616031
531935
136268
779832
32777
406351
838643
369221
793330
778962
170634
285414
531316
712140
408939
397742
835985
21437
643058
903865
399810
991896
42917
969909
491915
530206
710197
147880
282770
89422
594647
6205
690659
428038
761412
874116
886863
198740
399103
650554
22271
604923
880802
716229
317952
241299
766016
710783
981911
251780
387198
712883
52220
991338
306160
741427
15026
172736
688338
257426
239026
233517
237908
690755
844351
187576
693254
667880
901222
291693
117526
607501
67802
288297
910703
639157
390277
987910
325523
209308
250094
394699
754772
158962
430088
666536
183304
265117
543305
83714
197485
406343
889762
952416
24832
365390
353068
451692
491010
817821
47563
94177
77665
724536
879924
257219
916334
218906
622540
65869
505610
855283
895762
53411
489183
988022
200114
786528
741187
343201
331972
124685
949329
651320
269400
828008
894982
863552
857934
778925
892083
435529
85268
313951
707454
2153
411057
854960
886124
399214
978342
443564
186671
560276
483508
903209
232040
780548
692116
63854
542766
303778
430121
838884
500417
781313
9831
164744
496760
95540
781403
150943
933972
973310
424361
622995
669715
661604
536658
328563
71624
552192
475861
657513
843479
626322
206108
650846
542009
351572
32126
402801
844113
936244
865354
582278
868652
742227
735390
432224
815300
180106
299815
791466
192153
203325
106486
780850
286970
24805
908733
182962
456409
419880
733545
647177
633250
545983
5263
472111
572791
949595
278160
796421
108627
777211
645700
87180
918038
454038
616341
783706
294532
186294
697553
104114
146530
874075
532621
984768
591723
755005
695473
449924
860802
987282
632304
106714
572177
507982
976439
934172
15964
30052
72586
52167
96630
100267
224643
123161
184541
858114
22988
790984
128130
496978
26677
980384
94936
471182
879666
411177
276641
329709
234395
692120
348927
107769
132416
680134
712395
507289
529348
277960
103654
985617
888205
319444
651395
167621
124474
361761
677481
163921
961910
431843
596809
354856
681963
360246
583688
918856
267002
946928
886614
506076
756735
53070
246421
183819
408420
868496
370673
143991
222264
86446
425019
456203
316849
263656
321616
321444
884321
713558
645823
233025
454172
295229
75854
434890
753233
795906
800182
192641
572357
519583
216181
77263
681077
658151
428233
162707
103195
364873
842928
175402
685978
100546
215190
371183
798150
556234
971727
529140
179003
400799
820535
402861
706108
480530
464792
60950
613573
438747
141890
246773
40360
123688
424797
974534
292969
822830
112251
362537
924689
600747
695704
403441
487948
73039
428665
671284
365254
100253
497642
407129
611213
994918
840094
485406
177913
581494
742054
631880
871720
397782
211216
869479
504177
329602
18404
361513
115235
326796
495878
249753
364984
432718
876260
188751
465171
524689
919492
275623
949985
459905
852204
792869
324365
419833
790955
418336
447137
539849
809125
917898
579409
556440
731779
140664
467046
955715
355927
977646
84017
667354
6848
399652
915251
684002
469405
507706
870987
571606
357501
295312
618231
381631
668743
866541
321033
777526
776317
768922
181015
739380
452312
913393
723505
675768
185837
464999
670123
615695
338386
931214
787674
378736
254937
351554
317830
312023
443398
979917
476399
654797
623481
492221
364793
661168
736974
508467
371943
710430
656675
776759
733249
739587
994581
989034
944693
785491
174250
321055
378190
28551
108733
769965
539820
330650
225768
874246
970428
916596
443156
66466
513722
255726
483027
640552
838445
616443
648009
976078
545328
15074
134017
678222
20084
536724
465582
515063
569362
517758
68623
614233
580648
746343
991116
487068
86236
149577
604479
327790
225411
959437
657762
153396
574763
28288
767744
906302
598061
622306
607064
245608
99555
363546
664046
226006
563437
63870
231616
411723
868044
242938
414396
632109
137638
73698
327236
262100
60702
590900
341487
177077
954848
239030
678453
834368
893932
487795
806701
243175
298942
620423
99927
588088
822833
648396
740463
433562
586062
732567
916527
114062
655457
6059
55087
231419
156796
319722
123149
736772
131517
948546
890726
945500
925415
105229
888307
649573
443845
630585
851043
834781
9640
6344
156110
466331
594146
6363
922049
915200
472630
99865
353568
350233
602900
836324
606916
28015
829336
440600
164195
454667
382735
986484
604760
377193
439063
443430
927628
881767
586308
454404
777266
10685
802744
434920
408937
953146
820231
579178
689187
593128
740215
718971
370781
618260
349640
942495
26736
932108
96205
415157
255700
378338
329270
478760
944416
153016
326143
370061
691030
893800
450570
579849
297850
237144
532975
144940
380156
183607
693224
754340
671028
429125
317897
30085
465325
734825
840845
681922
643988
572851
230942
925867
45446
485177
766149
186165
217441
45230
261132
726050
343408
580077
866959
144754
365323
982265
488669
88473
476264
785939
324356
742387
131080
523168
878374
491657
566999
54109
63959
872818
714941
39786
138979
914888
57149
11680
166409
384612
617477
367391
774552
253212
839191
731675
999367
913273
197334
797894
145347
664663
124127
633396
641481
148347
280818
750891
535515
666599
920812
985926
841152
536446
955156
684082
258310
417121
649437
319090
998367
458002
448325
834520
215341
597012
88332
572216
132563
143697
438325
247517
193249
229825
359785
858842
676874
365487
993764
282194
423461
119946
172405
41876
619651
840499
165257
665644
605567
640460
185856
808005
992102
985961
20673
576458
380993
478047
26132
264197
129933
14718
456418
908846
380006
640960
329292
590889
675680
934827
177146
581870
783712
757262
200342
123956
374965
43404
749698
389525
795634
493523
329229
511190
896336
353469
705692
646715
498735
204111
329820
500867
361402
466682
691684
907086
485245
717626
327957
839110
23594
726952
171845
376621
990589
946093
381377
426427
884145
125628
272032
943903
891324
303751
348177
678512
156110
968988
803171
769728
587535
265748
95779
96968
614280
143901
795865
951849
110329
566764
780027
785462
537820
660609
696301
18850
885812
163388
258842
608556
682970
393498
102023
799530
712383
897757
33797
667952
566663
376647
910249
927380
458072
471252
592492
693413
247004
581494
252464
333733
713653
482142
728378
596947
520446
700994
446555
387867
193499
798122
757637
37978
878948
826835
443010
482322
318317
957285
827355
200879
933335
5327
704119
811750
235595
423680
545176
404038
868432
92727
160436
566596
748032
649927
722016
130270
260310
823804
697611
159472
730076
22511
60879
248135
676672
313876
451135
592654
64176
765813
359289
951810
594026
925441
225338
31907
407095
679356
981922
175702
345260
415078
753945
333244
327718
343648
784619
785589
754676
801583
418912
527712
123586
932057
175176
37355
216364
743650
334230
226775
858571
659747
827048
530854
976091
100587
4079
701134
962395
305207
12095
948420
707141
542604
401054
704653
284436
95748
780885
195437
879409
612086
646804
979681
441547
97939
671785
810406
124768
414616
428940
287545
881020
898677
213228
800627
101029
703677
772216
349229
602175
404517
308272
99880
36183
231804
338471
634192
753068
159653
264495
434889
236335
441668
172261
923064
757185
473456
488558
476471
436070
786551
856947
197280
671963
697600
799936
585860
524162
470590
418931
129996
926260
240384
463641
317807
541084
350029
484679
611755
259981
661509
351714
751572
562735
339102
56612
253080
567398
198617
78195
132214
625722
62912
588396
957314
997461
277640
179691
146452
707912
976234
103158
868020
774080
270776
24529
15261
871317
812168
418091
791748
340997
871979
991384
760096
161792
663275
948323
971037
805340
187762
532087
329666
156333
630633
112828
123878
171795
993504
448921
185266
972117
661204
694784
943260
488583
210261
455178
773204
902898
788853
461989
624738
548386
681902
288973
556889
551398
982459
742003
657067
534291
814185
22060
43990
994427
387237
517327
215912
211551
22063
869587
477318
764291
638812
631222
529106
417534
145385
664057
982241
335212
616577
391891
991362
530103
854276
226996
984127
534498
281669
95259
423432
349780
122120
703473
339686
210295
297529
172170
411358
305577
585033
798634
62121
964328
681674
815791
68845
224636
20476
632849
255965
358863
979331
820713
925137
583276
338054
982119
100992
973586
735208
574715
378273
977189
277749
78293
679867
548704
894423
795275
732209
286869
247007
85560
685262
108580
730167
874661
133986
9060
719706
979133
185501
421518
706935
177952
181268
652106
815637
525009
460269
157189
758922
458194
399480
435583
576016
677470
820338
54293
580383
695179
546442
792489
804395
595776
632687
162565
381562
884574
148840
263208
690041
164375
379884
806239
387488
309849
593220
885234
940047
387863
592283
100622
485578
967174
561034
539047
629624
717484
630831
210443
787747
821798
987684
911215
164478
886742
927842
585233
872622
86979
869120
582061
904757
635586
276600
108956
653334
730389
590646
637524
319980
771517
180530
637587
147789
127008
784253
935852
85424
161432
731162
590222
425492
24115
291200
689670
414826
953071
836300
569694
755953
473507
212587
668153
453070
41294
780560
642057
624907
7487
590285
2913
24084
763426
529879
903443
455105
284696
627309
914107
551413
640637
82954
535007
270087
601448
962378
927319
740763
39182
790072
490262
899354
843658
443150
687556
612396
94232
673267
222924
226946
90836
763248
946768
324180
183854
66690
222377
512937
441689
373068
107932
922863
651958
859372
71766
575862
347341
429389
646843
606147
162003
97003
664723
333259
621783
435700
376251
738454
821984
317554
548951
887922
69790
382418
264257
498534
919708
508948
992301
756968
468056
390492
972654
98989
199240
583678
147517
286557
663889
34433
54779
309285
317814
859776
66210
358308
953514
712156
978990
591028
701717
168563
535403
109004
570022
530094
124320
852374
293163
196341
79693
381872
412710
611890
721372
344693
770807
150300
146859
134373
806729
99831
563333
271970
174480
573979
394851
486987
401228
618892
532446
744947
202996
221454
348062
603970
130958
480303
912047
619977
560918
70391
982085
519509
506044
664807
205177
485848
429735
695960
846960
705110
127247
276139
184104
142930
436819
658397
507123
812285
195539
581698
403710
761409
181442
21065
972797
482375
466318
610662
919778
619823
266473
2467
669459
188067
385359
880794
594467
110498
516278
378737
606341
986131
44370
196754
781879
134418
854621
629542
37353
195970
40459
209848
960503
23313
920980
977303
470100
853793
358601
861638
936792
309681
90090
452421
839726
268050
115922
613428
920490
885113
721501
133329
333701
618028
629988
999047
363041
244431
243221
353314
132006
984757
328771
393146
915651
792315
253610
515834
583749
251308
371158
97629
243169
181275
362058
34523
539130
307715
36382
236183
428356
502669
231521
995194
115345
498103
454433
703991
667978
30845
868351
416325
335105
739883
996377
836640
553338
740757
592813
640668
879528
448726
291218
655333
151253
723191
925324
815976
234205
128116
543569
392609
913398
920213
571619
537616
357728
46750
949131
569302
554729
998546
222292
817180
339273
268414
872152
261691
68675
931461
194553
881697
813125
584858
876294
109279
837650
837006
118825
693212
135013
714992
386304
298507
726951
972585
663009
107755
645409
967695
543524
102212
257654
595323
621679
749000
887908
210566
723579
502093
789053
499666
732476
682552
271259
309367
788936
824084
722829
708024
595968
645638
225621
481283
955419
895850
393315
559718
951649
860272
543120
330231
347563
130986
380513
792336
710811
673485
142421
42418
684269
266565
537217
268636
614903
602370
584597
664663
891674
266482
198059
129223
235407
408066
318586
873303
341301
973479
381935
553829
349125
75758
141633
972008
980633
135496
221977
244927
272423
57256
143774
6775
33508
480940
819302
382745
758078
472103
556525
904139
701898
419415
928384
393461
972203
449588
359289
148685
614920
167937
462361
737592
160358
134668
976727
81789
573904
522911
949160
665865
915535
399729
196476
2042
215630
583657
211411
558893
416542
478360
307457
245311
235343
640560
875083
525247
636041
172258
867912
696838
762758
987915
242830
661058
365997
974930
890826
17515
890685
619819
532578
65863
613392
323840
917906
370850
296664
858342
132
298586
40786
517135
819637
931462
981100
566109
493590
651795
795065
615090
3437
417549
331002
605192
692192
844891
948455
63029
40448
45820
591799
751521
43327
433783
118469
500916
639061
246109
660792
546390
106824
746742
248846
131330
698078
657174
236826
430553
136702
656824
521540
377856
822082
727320
808863
297024
501713
416572
430582
905554
931563
61183
647385
466729
169066
571065
741778
237819
98479
654780
58863
684149
694826
883341
711553
661323
117767
15418
632287
974353
90642
487846
191542
422365
157784
996008
178567
84009
344998
663927
628428
560045
685988
854356
322680
278414
177470
564710
409819
327226
345536
321113
524555
720088
145653
503831
265347
379921
558037
567063
41521
168179
930033
288819
749088
178766
697106
753244
204448
934169
949369
564241
446212
200492
679437
388850
966488
206312
70051
272415
742053
418135
936926
85560
500543
626466
90267
46579
853519
581825
123781
645018
569694
695480
363688
157872
433279
15130
619368
296748
317702
389797
150609
574453
513198
139520
66861
569863
688969
665117
584032
503107
235596
447790
27169
136790
2784
77914
894587
552850
780261
915998
795856
667144
985391
623794
427715
730395
83502
554669
544853
871563
868086
590037
159713
538971
320170
962051
51601
992880
927338
296387
526639
723830
612463
823961
39229
316767
310128
67689
742672
130057
165281
757787
640518
641185
770221
348593
254671
358799
708791
756800
448792
106297
457066
687844
869826
259143
683618
115651
584445
727313
471911
89310
443229
890994
245629
810684
800193
696314
805703
303929
546293
948117
824871
423364
4844
292122
128050
782668
675830
174451
862532
902666
940251
736185
467458
776314
432023
751368
252131
41321
863323
136623
780624
388369
475794
407418
662412
150143
799671
365790
886228
387318
80034
281698
867762
225067
128570
324710
441099
190236
257444
661058
139264
915523
449973
154190
359180
152552
243407
652665
226858
332007
206071
619870
239708
275103
668945
90099
211900
802792
941656
783176
824235
339773
371759
113969
32743
567921
770343
308444
884548
493836
826370
252267
991026
415134
325736
876767
189906
633549
260885
772262
323046
374742
695435
446548
769635
836746
523086
405822
238679
65670
248662
21944
439704
343517
290192
215224
539375
259223
335606
697714
916958
998686
943902
812872
265252
763271
865080
581977
674552
638568
812492
875863
775199
105710
796584
55460
405641
752164
881423
603857
48438
666900
229775
462690
610961
859596
15703
354035
424800
373497
876842
474381
358185
189267
670104
144247
377537
814828
198733
803743
154333
351938
78133
959702
69096
135327
604803
333244
166709
764660
64177
116496
780462
866223
686773
469779
23984
98820
537756
926456
422037
415756
623875
439745
999369
457547
17815
1214
376406
60595
111390
627438
76232
652362
153103
441928
916295
614079
721948
956375
870698
43100
421850
941898
15163
361273
42118
454946
874583
588045
691817
260372
37445
412288
471752
614740
629962
332440
40914
448484
100352
75080
741619
470586
896251
207873
352052
815356
756649
840536
649447
712820
323183
858890
107291
695364
916344
912935
789666
925886
294802
316173
595078
252668
913993
899175
913453
261106
196247
782934
126463
927399
170042
356000
247526
435922
379445
709440
953675
504497
560102
181142
838476
