220288
376966
19019
925331
438431
554301
991986
500930
493147
801611
867503
546172
933758
800359
381452
817325
861287
214866
159770
117160
519971
591072
774354
510177
916761
367524
421479
576982
371236
881355
727136
243683
951894
822733
340476
991765
253597
269120
516936
860187
736755
329493
88984
349348
778189
525029
860906
332796
310784
912539
938981
552241
735890
16483
334028
238068
83461
864577
487843
564578
581276
966425
938157
399324
750076
350771
746236
32897
275860
415584
143291
473104
890695
84450
984904
340677
469286
661288
216295
823532
690089
200231
676686
827252
926771
818482
792420
781804
371560
266344
47968
55745
900202
943496
189429
849283
837368
15243
638594
907364
772112
551898
805058
845335
7900
191218
608204
319692
193735
243205
558888
695037
303147
330667
743216
555123
789401
486058
770550
25624
522566
935456
334645
73535
238643
329716
159008
550870
922225
497508
357736
839128
498397
36172
358870
304088
61430
563978
303983
570527
974178
144667
596109
476912
236074
605257
781754
971711
960292
570838
185610
591624
24458
956005
880627
924493
701935
602945
605060
36129
557806
272998
937163
151555
793258
297632
21123
279309
944674
553712
462140
608862
931459
212407
797557
331706
638239
877532
452060
425635
368954
911245
970713
850313
196648
465275
76850
561940
558837
433851
518136
968036
181642
200862
328257
234201
484601
192334
976503
335854
162021
370219
345325
340168
480737
946245
884047
521747
899426
836577
543189
29023
733498
954649
266440
809251
177760
972508
592200
288819
958750
708828
496326
753424
837601
622999
950515
485161
438176
299923
988853
955184
6852
305798
78859
514198
891914
986496
981980
147903
980161
642909
825944
669515
941491
664735
142425
824393
559120
208743
312495
142450
799469
487214
600376
756648
635540
800620
139903
656553
320162
904325
155001
610656
114669
531892
917674
676001
42474
205409
214365
673034
294370
287526
189102
725810
172581
183121
648701
817370
406878
878429
655200
19407
857646
664106
31107
541565
407458
803395
380260
632959
859314
773438
288771
21324
418334
470115
16134
756928
818690
634179
442969
490099
688391
846014
887526
687057
849549
47788
53339
230237
929833
598375
318135
996503
268645
53261
428843
714263
987708
878160
145901
70387
550484
165369
763309
756144
964214
335680
761791
190579
538814
965598
876098
274954
915495
941629
187697
990008
873761
52114
725167
971956
564292
25415
31758
420318
527634
775028
225266
279906
374374
156577
271578
10810
258284
204692
125630
502501
559430
797820
97839
268165
510427
949075
341713
40048
834606
75013
181936
132175
660613
373795
344853
673379
76807
770824
146002
678612
896882
521767
301922
685538
858435
356565
504669
357215
233696
400032
626855
199321
478872
156365
608358
447792
322827
219259
511389
288168
561909
248119
886418
87973
916779
716531
303670
391336
225975
131307
706495
740302
962149
585666
215367
777585
34114
422109
269380
295834
30844
45866
496283
749295
403879
777351
364974
360553
446890
130669
247012
494908
747224
397961
564706
29273
873707
636359
689143
621229
442131
351041
21579
377316
967415
221432
987497
959517
947464
986392
843288
578869
379312
850879
673750
737735
792857
44788
678370
827346
825638
82745
298882
662779
888511
553539
792433
348953
521419
22813
256685
701924
438253
870758
548243
126590
812924
970262
831814
292610
441477
429543
859544
325429
499241
794291
285822
159503
168218
943619
525976
629328
229674
708862
782802
175643
827942
944637
318554
361003
525853
764721
789238
213789
438188
107877
811496
962368
374186
634017
675006
339495
696249
188695
306627
111949
258342
350777
495058
67359
778423
815089
941332
661255
947065
584165
409146
696369
629860
234365
96716
474087
32864
514015
13943
541771
850313
652644
671042
308075
970069
724873
614460
351362
479870
634252
254339
38183
285885
429162
692535
884629
605346
629668
622239
409474
979582
939421
519310
964250
782352
246186
627395
470649
155765
63151
364181
87868
501679
566362
649805
531209
666071
164619
884154
283192
108584
797889
77346
196338
556447
995048
606055
554067
346162
946585
844338
327012
346107
180623
388362
93033
238096
786282
555388
145818
406350
476794
869680
563402
289190
981981
524548
891445
155654
374202
557622
553196
660273
553132
919169
58960
817000
205507
581154
351023
712138
504560
249729
476495
34437
585062
278249
169262
236204
503019
436018
821757
181612
780299
891996
959111
19106
920413
63543
113819
533569
698142
301906
772341
698364
704484
682127
755738
483762
57250
377237
47025
159364
842888
369985
155392
574475
689518
870839
35910
991747
813334
356134
451934
907012
288816
789179
680262
578350
951827
483734
730442
218282
562954
411202
618646
962115
557547
743516
325902
439197
433234
164915
195054
936350
124752
995806
703860
117760
968559
309480
205867
680499
295205
209612
742853
550792
692050
766735
160710
237330
873804
483940
533109
110124
626671
891490
653151
53121
798245
169348
231690
727764
946835
524268
393062
648815
505085
423118
294923
252027
91308
762426
45933
833944
317493
770840
808914
823231
95000
916297
840860
398186
376513
196394
936473
497981
605576
739626
422711
431956
509310
196937
532054
722836
957177
73287
527146
598724
700670
832725
506670
779484
496740
424342
661701
373275
508036
22134
901552
860596
470589
926381
510932
417749
267364
29667
395292
687509
92026
901267
305596
38876
839609
700822
175414
678158
953055
668256
992961
12667
76373
231083
305773
315358
689497
181717
311462
224115
430698
679691
128871
966194
468847
637106
46526
361712
569047
944148
161233
863674
49481
366432
328570
682033
381755
413357
981045
207867
650634
291145
67250
271770
390992
410984
784616
222307
570125
287365
290891
513390
756910
30323
249571
378721
581173
153358
52118
918737
233865
246735
636347
760050
784432
830265
155760
106580
716769
586008
767918
179458
860298
281665
572940
917304
201312
501773
823941
936127
227318
386355
261522
775919
475735
509314
485781
97727
859996
858735
811628
589540
674633
732853
151344
849374
595524
718710
477977
774459
638615
4752
714801
563722
723536
26211
751191
58405
326318
624699
108545
627336
736176
863516
879553
856788
683636
418606
353366
793185
308876
959542
717933
177938
539712
776674
255291
539722
956396
608921
173259
754070
545786
960395
239960
612404
5904
849436
969618
754332
398593
967344
412237
683006
276419
942942
124126
280822
441177
556585
567947
686959
427424
358522
466845
556883
705180
368089
401718
406145
833109
71414
839462
491068
512763
402529
683149
592260
930474
362709
580637
656818
132143
647854
863695
180740
398660
538047
326493
718417
581593
502372
482610
4159
398255
200692
272644
80215
482729
183097
660356
229065
964266
878540
98065
89605
613750
676250
78229
275812
581583
72014
187022
169560
106367
341986
910555
12445
39619
910440
327643
631534
785155
155480
30308
566853
857737
720517
848078
925636
129922
373694
453097
781194
903556
634702
755825
446308
755832
442520
614421
45328
164383
357509
943937
382000
752252
813597
264397
85464
742205
136177
393640
302983
406537
986793
740553
216207
936622
133333
292288
83418
33562
476399
173570
279178
510796
886526
195031
494113
335429
695489
730823
210880
976750
854583
896038
491855
312108
151140
114987
201924
539315
295589
287814
616895
653201
686954
746613
4791
827639
970153
913638
648481
195431
696519
774104
612162
577540
970117
763648
642603
574624
906648
385345
427421
322233
7698
751597
30326
657768
879179
211791
930208
641940
956291
43855
392941
630440
841413
409595
330969
622980
371511
332646
871843
905337
169019
977790
377129
472225
966121
737819
12848
396708
723323
42131
411168
879655
196179
262725
547656
397673
889558
842573
211469
191544
465002
466785
616619
481733
573914
904635
73579
621933
853081
605039
1248
202325
995694
287478
435480
33516
363443
855275
783527
152038
421841
719775
641372
212636
4392
14221
615578
956057
619742
537220
929849
901980
989916
792216
535788
108838
216635
824546
381735
993623
601361
596497
795915
8992
428
77244
989456
855331
802375
963712
732126
911529
886639
243813
904008
249971
950229
219072
318513
455230
621832
839112
760362
223078
857691
16664
568052
416178
5590
972830
922330
395708
70686
749691
486738
624997
576082
537635
94576
277482
554798
126452
572063
925806
230393
216254
391863
221258
500028
178271
490629
399494
864563
145467
980483
851141
640988
985584
960746
620751
174843
461096
697429
405558
794952
415500
725936
265829
820507
359618
149292
395811
83768
414076
885471
879250
539525
589964
589740
762262
970767
491593
12693
932042
911752
643634
959961
445776
111647
95652
918023
143159
161202
81060
947190
421603
387049
207207
609990
588603
306802
502418
962719
692720
311785
181769
337698
196073
317563
389066
173441
361885
176093
17932
340563
666239
347944
458419
213777
381140
802367
297361
423727
936311
778765
9363
23265
948184
267189
660351
206253
234717
626
813706
171742
258233
511066
518423
515867
84476
340795
633614
693864
35679
587462
129196
8244
660884
623121
210690
161725
501804
61871
655064
446138
108328
790864
244357
861918
722728
635775
429768
10785
302713
468034
875717
179360
574611
874072
582016
563372
260664
953251
410296
416927
284166
153883
199562
533052
569294
2561
358032
337519
771005
718570
235739
952140
727422
136522
861504
456038
283251
575736
22389
594520
809592
116723
933830
698110
377318
706052
734599
381610
811524
146160
604787
320764
277697
65752
331481
124881
276127
620422
517725
332922
380882
609864
583593
845880
91449
40104
486542
497887
6015
27234
408145
524425
252786
327221
764152
559044
593725
812045
535144
198661
279766
562498
836959
706133
496556
347743
373841
368590
250629
524839
915502
305029
411357
376208
466592
489569
750444
690263
757713
336089
299436
806611
24591
43993
18535
560678
52535
696793
443403
991691
960976
733625
430339
399680
429895
106145
799329
282160
691105
795739
987058
340943
958680
619151
837376
492960
751428
861837
195544
344686
292689
731196
552233
440899
545982
28737
862518
785581
198393
28041
502516
756910
543895
529048
611481
38458
695389
209773
659573
147133
596754
716368
562106
953815
449284
512244
27965
652229
522009
269844
99186
518325
130364
925488
95769
217013
673923
243637
407348
508905
115755
278806
929799
72163
277482
592057
939077
283033
366901
113084
344954
898913
736571
167392
765274
752540
722669
5562
735679
868297
869002
613696
108052
569050
447223
997156
434854
447082
263492
247740
513440
640393
515924
389794
798692
459624
353870
175186
476224
784775
465467
98467
608449
512766
22597
493206
431493
493617
625006
752633
549488
362023
380280
747232
644685
909379
7105
500292
978534
863236
757856
714349
751984
276615
701588
842145
906382
13309
214328
752273
778716
906682
739202
170551
435637
895798
488511
528699
318281
611843
387858
164877
724399
310855
788219
933747
832869
44609
857125
903488
96151
884777
128840
884161
322320
2816
186282
476032
288450
778099
886671
219276
949944
885098
822685
747963
304062
915777
724102
13917
614118
264195
742178
43554
559737
721587
917334
827043
945879
836458
984271
342641
187597
929582
611759
377187
528780
29311
24158
258054
238826
151366
207531
775950
61719
602613
913124
26557
956068
945058
259570
40092
48190
221740
43049
804703
239408
225542
160921
547424
836458
22096
47708
115541
394184
112094
804168
680212
45707
874087
394101
626712
950124
507446
874047
32450
999264
374145
393683
441648
683713
634142
71526
241544
716555
494544
34395
895079
507736
595916
286441
396664
31713
901852
71741
575909
93592
42358
243543
478852
969203
879945
294710
215666
201903
901536
638950
768381
757381
915216
203681
429573
669761
115124
382575
504746
825043
946674
709680
258450
6162
45523
883567
40062
866535
452767
242913
141366
350774
355404
777836
236173
571826
221027
635663
126645
697706
567458
76548
2005
674982
36479
326428
259848
812342
977363
238856
423243
776406
959517
784163
907668
331860
275091
27317
870094
540493
468796
238780
871304
723958
483721
872367
473844
787195
371730
897351
122766
421625
381204
6293
598255
578171
722145
80752
81403
605703
616252
324336
840769
631585
170427
663696
118143
299847
872997
583842
837154
412091
669443
118196
502450
969795
188470
195381
899302
482784
894555
101659
914124
101032
660976
231588
729522
833293
590922
274456
67854
476202
896804
982041
569202
486265
859121
766574
755475
955411
922942
273948
4493
702294
349270
601238
568523
188829
191763
767770
207039
405792
832384
493052
278553
745642
961408
706049
960476
393762
311855
874565
890466
288043
218749
614094
109476
107894
153733
86240
625067
162192
477243
865042
485033
350210
939011
137922
690661
813281
624491
306251
782706
431411
362866
931400
274658
806964
661665
415575
15204
185827
689621
110511
176529
647992
839638
231856
288812
2200
140278
706463
555330
653651
124456
120809
159195
792227
735403
738700
125241
492570
146235
45473
996130
26792
57237
995091
432071
385663
632956
60035
824634
488115
875192
781598
267005
436663
170474
785454
216259
424841
649736
642619
446046
432917
649883
907737
288797
6948
400577
593764
681313
963171
366533
952438
397139
903754
401259
395309
835110
30896
15271
249065
199459
706941
245929
767318
44821
766617
673102
728650
611921
24247
33788
979178
78742
292278
105744
488348
855158
341536
144371
25144
923856
159960
767768
763615
613928
29259
948986
930163
297304
101780
300794
213382
754930
602774
325833
199309
548241
425559
957396
476705
139164
142655
532918
932726
378001
652629
488437
542292
850090
146472
304041
113975
633008
882933
128274
414356
498002
281996
167636
406225
943510
777641
412908
115431
489569
940874
346813
236740
169063
973623
309755
386533
511079
719948
633193
725413
892183
951557
453314
831535
748473
791154
35879
288418
577514
762218
961273
433052
85283
838902
972102
585703
311890
573580
978242
960792
587337
507867
992158
45960
550686
183698
964003
172468
514694
284657
671645
784486
352926
436598
980288
621826
504749
317452
804787
501497
86779
150624
712554
557143
832201
920863
521598
444789
948705
504814
878400
23688
15763
666128
724209
497195
613612
164265
832016
43177
951485
118773
717258
865898
797791
450313
162180
748251
560544
559332
70988
883806
937127
399711
229655
913297
954895
583681
507081
170704
380913
298959
739044
901641
63445
759890
723202
380865
823428
938903
434133
46912
981437
938719
842617
932968
399547
120549
972310
323434
89275
985668
374133
986136
465651
63398
932975
419439
841679
981861
385453
327863
808864
171851
269689
55852
900779
973934
438737
911960
586227
966838
374521
680526
241359
806953
557520
959128
744952
627729
583814
345500
195065
867073
958285
553787
111896
942473
602150
179928
341349
135062
47742
276962
949528
764949
654489
37530
651090
558218
323427
381884
343897
375825
902690
363079
565599
73913
317901
85146
419608
792111
639779
235628
149784
680119
336917
833976
16682
113470
548991
159406
667374
195760
377229
334189
170847
589461
594868
600508
144069
132922
150768
385287
225813
994038
562581
460129
796376
522195
512073
501567
13907
209669
217157
218539
896895
6042
912990
815509
276042
713203
377301
392405
348381
134359
840994
154956
432844
89430
573593
641874
492121
731586
401562
822203
85077
608511
441995
257858
824339
970070
522275
884513
864016
278945
627869
916666
908768
439550
595868
285633
567623
821321
473004
357990
538833
10740
857766
286733
721599
754164
228084
429429
806411
953088
433405
932573
463307
593588
566421
573094
204533
162435
490801
471453
356022
804963
399472
531580
253980
563148
359668
535055
946427
13289
308403
975389
3855
177458
827034
3217
59848
906444
803119
114571
51152
851700
548287
705493
454174
138092
779575
227953
403175
206326
905773
661930
794637
894666
206654
810119
216943
587815
855272
479589
669246
11375
848931
250454
35271
526765
820833
392833
411001
454845
968462
702449
722242
935987
928488
664606
9708
441932
310940
103550
761879
580827
948299
857696
462914
486223
868657
654592
985484
346124
534797
515187
989580
62904
688801
972081
899732
640875
479393
43915
588797
779218
59629
137090
635765
962614
470577
542415
116927
25643
344229
686170
979042
319365
287116
685749
760729
169879
325949
460866
862333
522743
659265
133345
151718
873889
30613
715722
274899
471851
654700
612050
173989
293366
598344
872205
455581
782161
888271
558022
502475
409923
815457
135706
337103
309001
6781
60220
363819
614253
197002
128941
200815
322603
989195
411945
670617
269937
195010
754800
788713
123585
573258
955701
379848
370985
435018
184812
416016
923038
883870
271285
636555
50147
126717
789714
17980
648493
40167
655557
146246
369411
371163
230378
693998
234400
787370
667040
524030
440928
2696
307627
404685
365124
888799
696607
410507
633454
599879
346689
241044
369453
989100
210851
236454
984635
603763
303393
79146
208575
677689
619143
66590
619140
582187
990271
15885
345406
476107
36888
459978
884575
743318
720643
23920
959148
225806
234814
310723
544086
662487
538654
715934
963837
903523
649635
611994
794713
926112
139940
517901
165772
666057
209405
303374
452031
17863
255611
702425
751612
120919
198523
759070
962168
502513
15557
961548
693380
127168
816338
822691
335804
941954
193697
140060
545949
158597
412695
53175
363752
815170
725247
81492
366286
812734
301199
783194
53367
538145
448642
984004
377132
139702
16579
225822
96361
104215
287583
983664
542492
921628
941822
649053
302104
225546
26105
690695
688011
194077
574032
517129
891183
552819
924568
537593
63976
722548
674648
128531
358996
273130
364578
371950
545186
238872
381460
950148
123769
754889
10197
275472
359655
23796
913045
293968
393038
195940
546280
781604
737558
217462
72149
814669
620269
871668
754534
832686
488410
525791
171246
342016
172619
457372
525326
511865
415737
631854
351932
897296
860639
987686
219392
140398
957098
295962
720418
253566
660267
966304
204720
417850
913705
589403
671917
638745
906070
732589
360337
597156
358040
681659
261261
453000
716662
44618
377568
532453
632095
512930
114896
296357
167074
822715
118664
945760
659496
558409
497329
412313
7146
409257
535893
832328
111689
906944
15667
92496
82399
846071
685640
595113
624010
401026
393177
528413
217582
587293
475835
519123
919396
671388
277987
343010
795340
971564
449857
285189
558872
417212
858077
132500
330483
908977
931284
317384
959698
70100
821710
630245
927490
623468
35503
520921
758525
545111
183415
390241
353731
439009
680385
997290
264208
531487
237894
101424
821974
542032
369962
501248
929819
155283
288452
578047
938930
20849
469149
309737
899315
216728
771522
813423
184349
872073
732590
683638
217029
143498
15922
410368
223452
221837
141217
83075
617033
790112
651375
319813
236124
701878
150604
396390
459878
369904
19333
359283
848841
68455
774004
528456
174499
12898
544364
649887
537753
462704
180612
609195
959149
959058
482051
441011
775166
45563
867904
101077
261176
395019
896770
959358
196919
243346
755630
247302
211258
272934
268273
812607
328343
48665
503859
479875
730535
268931
568959
748172
160151
712686
21048
502060
629253
101208
602473
336720
615647
505929
628183
383754
76651
691781
552991
579964
876047
706143
812416
521786
284077
194876
591956
515893
975138
101925
838763
43957
507339
510380
294779
827859
256826
741368
211293
167264
795760
171863
460383
583569
936534
548489
974977
594708
470463
911341
982632
953586
26187
344383
947069
984262
781964
780043
64010
95030
815240
177003
597100
342384
298959
846272
322429
871592
123132
998411
252917
135667
421097
87569
187773
5707
705397
940984
945913
605709
287160
283644
361544
534398
620434
279803
541753
932774
908163
786149
134716
751996
77485
346151
895811
773322
322783
820682
539434
462749
772023
278819
227713
962643
276767
292286
763569
664316
460830
239191
919701
468665
357338
577089
840936
699133
703378
814304
313298
282008
963426
231235
716657
456239
531591
743717
381544
242677
954373
476362
458874
193732
988430
24374
526465
130588
645878
188964
193245
777124
28358
818663
886467
569177
998020
664662
641736
244839
370005
528200
856552
320433
960205
59814
952252
971211
331544
697779
519939
562029
143600
944308
304903
345152
67558
483969
385502
525392
999210
532781
500293
259301
641503
371542
19842
619342
665187
86885
852498
742039
328391
51974
952195
884472
968185
585316
349268
515812
78771
27840
427433
699316
53213
302198
616452
749270
323784
674572
715411
258232
901904
901145
641783
426945
125706
11875
918691
459990
529766
556213
503325
659507
732281
595350
867696
121571
817580
79595
399367
746779
819623
393509
903241
454702
265083
901953
112023
725454
453940
743672
81287
319851
922100
267400
178975
265145
916386
874404
579566
330013
291016
86122
971174
801830
26430
121469
936950
156083
420145
652936
220877
375984
262659
8095
319200
188071
808317
395143
186304
228309
43345
589755
3542
693778
798623
80258
329391
259193
168270
722450
410963
203645
370744
976383
689590
461770
61823
335179
161463
943496
905331
568065
599369
137090
472820
204331
766606
886478
726619
912178
125259
266696
440426
455294
552303
302053
39584
932749
458609
960834
184648
563444
748191
251087
231278
366224
533565
484853
709468
830644
4979
885430
945184
71930
80864
358696
728613
964442
146142
254808
439128
825709
325203
765524
916139
206730
91920
895673
322634
822124
754650
546642
423700
444025
154360
338673
244740
842544
165085
48746
800881
396826
294905
232395
380181
147268
5463
886858
913003
873365
943780
745831
697315
68378
400796
897301
993116
101182
890066
834370
868764
399827
913103
511994
424179
25523
821409
652381
657657
902936
482775
269639
595542
223743
203518
332556
5390
97304
994181
156701
10483
894262
921360
528236
250136
233638
240219
228617
144832
268557
905379
98044
46731
298225
33268
470816
137706
481023
842497
789863
479031
44800
546433
94439
376184
581960
992229
412584
171790
192264
433016
528172
166267
624014
35757
908267
704664
659916
349824
450020
178706
137767
382869
500017
436807
617871
525014
147740
808267
87617
899755
89456
91590
766066
548854
448939
284135
945463
750415
403362
118928
691642
952826
370332
394274
885206
758518
146720
9765
698398
373243
835600
531845
606766
113652
447295
724609
292649
655660
277175
772529
711245
937038
913503
758087
706226
861958
813859
768275
672986
812053
783582
980686
814646
335437
838763
276222
826500
709329
414204
220463
620409
644295
257555
137072
699298
158717
817418
483229
700682
678574
893643
636900
986723
333290
484009
308174
985903
130230
886392
75183
476478
365808
897177
579217
114800
929756
401504
281088
816891
33681
428697
285931
52170
27981
615121
286826
851834
38147
152199
271219
238353
573382
929604
116878
790937
347810
470887
777132
485019
267988
240648
608581
590073
600874
859656
519813
887961
550928
114929
703526
277323
636989
288179
689190
676985
423114
77015
38946
286657
412776
740789
161504
398604
396330
147732
82704
39056
208196
447886
682564
634842
217046
158842
673725
183577
17853
367257
875093
356644
804278
648149
708452
962443
304966
70794
596228
950616
783167
880279
591910
15119
430179
533835
586156
610655
213815
65323
295704
174484
498593
558499
767157
662851
522974
290911
91088
933845
417435
637621
255352
430378
920696
457934
767305
94488
52588
30649
856824
456228
26017
400029
772988
785014
793199
603199
69475
356719
617681
42717
436165
95467
76978
163186
893600
950895
129131
626927
308622
897509
426279
767488
67645
841803
559439
254758
970366
433094
788306
617964
972181
442976
348260
346624
467427
399610
663263
776536
791126
649568
880504
392256
165646
119189
349577
210782
377172
161514
503513
241122
755480
942137
271713
650878
962187
230959
664968
761417
216550
711456
891511
94867
999501
918957
942654
634307
103745
781906
772040
931070
122830
815516
664212
250684
137080
981949
102722
991785
498889
219034
554389
320298
236924
649218
551019
913742
609527
147919
63943
21300
23571
36822
505797
918703
852329
385169
691137
377277
679491
981588
768441
805960
338846
524601
425529
872649
496689
905251
149224
130041
942116
859965
878751
563274
627514
690347
763759
380683
150821
546243
343524
712284
957055
114703
688674
721011
566258
694865
204152
670853
215260
927217
887614
130138
899442
725627
261122
201859
220064
641139
74807
41526
409746
609194
629100
722690
34462
533185
381272
958711
407877
566929
469826
382459
165834
980051
419124
252860
446195
124936
236122
900646
891223
578485
284245
268719
450784
314195
477965
377542
110501
583451
713826
60515
650625
353871
397707
631470
801874
847903
79798
680917
365724
497834
488822
663054
422533
523743
833754
99150
664790
831213
160309
836828
40901
451548
287290
528645
255740
648777
259666
575375
60486
858327
324476
61245
694967
800508
690799
885842
414140
672359
138618
110357
358120
424174
680456
87860
298759
469197
434444
586563
341854
743074
706170
313218
256420
402398
634358
124942
483174
370806
859144
155884
404418
509038
464881
204359
499014
72368
363398
870992
325440
192550
373966
932260
440377
969261
709996
233605
445015
857382
354125
946255
390272
299346
642467
177261
35667
811702
283771
291995
842920
72803
915685
746730
648104
174269
483443
235659
284466
104831
615679
556893
202601
824403
837395
821236
178187
925187
661559
924203
377370
669456
278717
13955
555986
509884
978561
768010
856279
570295
206271
998644
136058
128472
468794
175098
204277
289704
394731
395436
258766
780497
63627
150978
494634
996070
21509
610425
453300
803282
696719
954830
454087
213466
856172
954685
568223
514694
398386
693415
362551
466155
640777
779867
65648
112321
869149
106685
75900
811481
142359
851700
572759
319655
314372
978377
472444
146333
773325
249853
713626
817135
24271
681002
844796
535053
704865
183996
512188
812484
812036
706626
7574
857811
443426
342738
47991
668175
556827
361500
2887
548167
417856
258194
173412
410469
73230
190587
566814
366692
771827
839472
782800
384829
523480
212714
604403
592223
22717
626304
883039
128801
83227
310584
322514
692424
843826
146945
312763
566644
622972
194794
13992
386765
838115
350506
351295
80337
326444
244321
261786
944233
741554
221283
571547
921685
107474
530388
395786
25134
653619
999297
291301
382567
416971
433220
13281
923936
266209
188544
804803
754101
323973
254783
555753
698264
79411
638559
183120
306980
941974
722987
201084
891919
201962
589315
348518
180635
853738
63855
175198
576306
382450
949650
363759
263811
437333
916172
797952
190660
643011
957139
144669
905958
350677
218589
455578
66201
997821
194031
669047
970113
59081
899950
364146
351250
867613
2451
26571
996729
332158
335176
125870
705310
658961
785824
324212
995013
868593
503082
128432
407147
764943
996876
220383
712927
450672
906102
433479
879417
621009
963100
336066
858200
697081
130213
483609
667015
669353
28747
323844
979854
586528
950859
469104
339645
493443
976957
741286
104213
963293
641407
996594
643906
66677
584030
837959
501118
547091
586262
990566
20564
669005
202556
479328
672039
152894
526485
447164
192362
25744
863608
511312
583175
26657
257363
66184
220666
323887
819853
927699
952755
476879
383252
653080
864579
991619
636258
602541
156155
440596
332284
846180
989819
432157
983838
298531
483994
302432
406867
625529
737548
508220
980041
662974
719202
289301
774960
954574
41970
26502
272632
648644
789005
446047
500280
552632
36190
278124
567988
258889
381127
635721
83515
751794
294809
692282
221014
785891
279294
977699
597941
500144
405265
898547
710139
293646
152175
66509
294891
561328
97583
468754
641141
254334
471476
971070
669234
98424
554243
881585
547924
319306
687526
349832
671007
367755
963237
429957
366108
509171
952973
389790
481060
216968
899184
668407
986483
613046
523284
502210
840102
421789
151595
148953
718963
292124
803147
316031
499377
98745
984083
761158
674285
665104
291056
390761
92322
945767
605819
202864
114168
546853
218421
141795
808824
153066
275894
737645
929558
653258
95390
899985
661445
575497
988045
807323
893804
542807
992586
555650
31115
22672
202319
273964
924314
321888
283029
958531
321089
616837
945664
710826
176263
403605
684646
546127
435212
182042
797903
254087
595083
984090
673203
55889
696875
924796
40217
322497
221703
908635
697850
426385
76537
81726
826099
976511
106751
864617
107204
716337
681133
84389
926375
546124
690040
535280
788332
386883
188044
494863
31174
80994
138366
330221
186137
445060
37712
813237
756988
894825
896589
353352
768215
380376
602158
511093
14061
90449
645389
911261
798022
242986
440007
723970
829217
673096
184024
396811
809373
245128
140915
747367
100528
362894
53364
804635
989228
33406
829490
80895
48603
57729
772884
608731
82886
701612
896763
591601
640338
261874
794578
732032
666313
354032
424489
230186
454781
36212
37418
528622
826440
783432
655289
106922
789028
799058
371373
958647
340956
372028
722482
768467
441086
518486
198238
532556
431287
395971
753046
641143
183999
556007
171609
518231
632760
747560
284459
156015
256919
954246
664110
765375
213406
792191
680016
710986
252612
395930
934418
476597
28085
859351
728407
355093
852691
341251
927701
633677
174996
629272
519576
948564
647797
745424
292056
167238
980445
976043
321349
485143
55367
100311
135365
397995
75793
368497
906249
53239
979264
555028
114078
258166
281047
771784
655212
616548
78997
902701
890659
762703
380228
481822
652351
333246
649736
748415
308375
783932
382981
342282
450781
39865
328475
782195
955685
943820
313329
655081
179768
153767
420274
97189
90797
602760
694314
33104
377027
559777
300590
189913
553406
483984
618331
165740
23047
189767
458717
531372
407708
783498
752285
550386
843398
978823
428395
808555
905213
40507
994666
83973
711897
770449
979654
593882
635454
210473
65140
152939
310029
463592
927256
385072
964010
698459
492514
72981
840489
530415
345046
476627
785093
25980
361960
309264
472619
701341
404766
655428
950070
178156
900824
123413
90443
880210
533602
663272
451427
398772
180472
932397
67222
396280
978958
849226
591706
348355
119511
456598
357229
541196
218782
813767
790101
665869
847114
205355
567865
156922
293470
246986
648205
239853
437623
157317
575011
715660
822332
516530
362648
50519
8035
395600
432778
524036
604443
850266
334357
801729
365902
144402
561499
249319
239185
59004
248300
576065
965595
414215
346856
217600
556519
465601
393083
451464
174215
811183
734968
443770
428767
554120
775229
320339
863993
374718
29487
754258
821311
576304
121582
31932
610380
570519
739501
590545
626779
861764
328296
344803
150439
394436
596568
427053
844948
332974
811963
855742
208004
353725
258146
570392
115390
212342
414061
100734
470576
462977
706337
169669
450533
606351
941645
278058
746470
410375
537284
559613
847089
29809
668852
503215
423150
707345
303149
269949
54889
920562
686677
479788
755091
630178
272631
873168
719550
260407
219342
161303
990285
535928
161823
910931
988327
552761
779345
128142
168590
905733
293512
445171
766877
362122
480548
726431
640824
446864
303788
275433
135631
416875
628426
913183
967674
557131
668857
631316
406938
433004
202736
590338
978472
612272
773174
764875
442377
646765
548681
26539
998549
193718
528080
920523
954770
660336
506937
236897
933643
795164
129584
353924
676659
409856
962586
465838
547994
63804
48419
355388
54521
970790
807217
966340
769885
368191
317565
658589
77000
467365
535957
689839
352229
124201
587983
789905
954406
118956
417656
837480
589849
46438
12419
169765
817693
840348
708441
20608
560830
736879
158976
242887
906426
38972
311767
232469
811992
420199
100945
972767
923793
755353
96197
975372
304062
853895
934824
275232
386612
323079
433174
490556
159494
955312
770332
946029
366694
170641
541634
181528
499934
312374
356444
275906
359296
539606
739755
871943
889670
775706
234541
732520
885889
200252
30433
172461
891707
443018
160603
702686
825244
653342
122976
555273
920448
468167
598373
333596
269269
280908
936797
744663
666636
871049
695339
930976
620008
716786
755361
243770
381882
137339
747948
961169
607689
454417
244725
717844
332737
828086
102522
786606
587295
326768
236521
656037
620008
179658
737952
485115
314454
924496
292888
7190
174558
880861
446958
101974
350824
840189
634700
762020
324506
204504
736258
653006
338766
63242
976416
819655
795698
226263
228699
455263
839264
759601
792864
581334
550338
828393
852811
477327
106683
81550
724496
799648
351724
570797
845152
92612
786343
25250
653963
721236
19348
513380
28440
309592
134283
480483
901549
562379
326396
430047
66076
617669
18366
108671
231464
955809
413723
975208
539175
225203
873544
786248
350070
384855
254574
467082
89486
279384
894697
617510
123286
880170
48744
132101
261913
467176
478551
797977
724290
863545
328530
19300
927625
100136
683642
219963
165392
343265
550071
635353
315244
343872
511327
852401
217700
622588
522553
803401
232227
929320
297483
855636
238209
862090
665890
436983
506783
500734
844528
361622
675925
968231
855816
34639
710190
896015
25666
670490
451426
122900
897403
178519
401122
473962
895334
643666
756228
933
429834
235526
322740
745007
404384
13378
233101
199787
190195
857580
838882
305485
648061
73339
38480
195860
259596
426130
906378
585186
519202
160561
149473
339093
286180
182770
921268
97344
513202
543254
321310
333971
706597
287907
293648
822950
334952
277581
724341
654541
835168
989712
891453
198202
538625
178724
521087
338437
218939
162206
772310
779798
521409
598774
341476
324426
122869
13704
840560
245254
362997
294980
380428
953974
100045
590481
246451
80669
427231
647762
327059
807631
427710
305167
412452
838058
712652
226484
746211
796892
154665
400808
195239
998280
640826
537409
439096
239428
779512
900129
521751
211040
603292
759695
108201
27321
704987
418458
936300
526119
76146
142762
632082
840564
588341
771983
800495
824649
534952
485148
960777
712608
25848
462815
174389
136634
51905
757927
208834
984992
801509
649744
218241
726299
496431
628300
791112
822303
5747
79134
599407
396418
215567
915310
257577
559447
402254
500388
75407
659297
583282
988954
428174
606925
425007
839275
58497
939003
980899
692676
399555
432092
48665
517582
415511
56414
703197
606949
99901
72259
687627
431244
550634
309340
587515
244705
402945
264330
838257
270910
912631
639215
143063
668848
559377
274373
197836
486719
311340
951911
765137
539310
59048
538355
969801
544007
536852
130505
671815
16233
29335
975240
216534
393379
666333
113669
655045
380583
449007
149619
885793
659159
83842
944501
68419
999020
724942
297508
276381
642081
147603
591390
970009
668791
396166
923997
839052
644906
497759
533957
577221
319931
447128
90154
588723
42328
466910
894366
759657
750594
461005
177308
897248
985972
961411
143790
522342
728561
777699
815477
951539
925693
639914
122763
707186
811350
388830
564732
668315
685633
653026
506965
726814
638765
625581
412041
962323
672071
226679
133982
521817
218041
365734
23883
963674
921045
372264
63175
711028
728078
256332
343167
43663
563325
125200
753328
840103
936590
451807
657084
109807
193518
535682
433480
59102
736344
953376
457473
402189
471120
169248
886830
943395
961928
31494
843804
152052
911922
143424
846532
869486
350418
299652
986118
427251
183219
710046
694496
46910
911545
793536
143320
435349
224574
988642
765161
137231
762826
144311
358634
449697
132094
175981
365097
182184
921200
880123
248706
861187
152840
854910
549564
383374
849520
755954
535584
911140
987861
532763
737412
713878
480727
346939
153087
562567
698330
687620
322092
178594
754867
26755
109555
891100
193268
523176
881462
141973
546043
1290
532144
354502
520978
883751
868421
20056
912822
574108
44566
986984
301893
553442
397456
143665
882081
931883
817734
186229
972073
428918
255768
93525
751248
486290
278429
865041
141920
189139
175235
649485
999724
398286
652685
954065
481537
626934
402046
866907
794398
705053
312409
990048
579960
671731
572226
165047
327544
477435
1353
385476
454249
893704
675790
616890
579553
389648
815262
597582
792253
732583
180243
961058
610693
537225
405717
496740
474429
958670
49101
407265
876989
427086
307771
585683
304926
886808
140566
693
147917
418936
748239
449836
772606
691378
80867
391951
28411
147618
839800
962203
595578
627294
147818
941426
860447
570357
896216
394763
783993
8622
367587
218375
948417
209958
14337
239137
774999
214050
217114
564826
802345
211697
817535
10666
637752
737370
910909
632917
378297
316076
638433
295161
969380
795957
697335
944400
621653
61637
742855
415821
319318
518209
267918
406432
963694
346513
186505
812179
894856
729130
805289
47324
523704
533719
820654
533419
747257
594687
360832
310792
488347
321782
556152
379548
757517
458204
764462
422474
389415
644950
441014
181199
19617
88900
469819
64190
950498
836207
13629
856131
713634
826196
20566
356690
342788
62410
16913
115355
757306
550476
886449
804271
270141
169476
526454
284164
109870
777257
877523
295140
762807
727200
627593
326599
999760
8567
806875
550871
343528
808894
864660
517510
52145
4045
396844
392075
205801
911927
140913
502020
922761
142107
372666
215989
603857
358965
67323
856874
436297
877610
931013
960898
462169
322909
848474
267405
948715
455639
951174
252056
575854
342537
171480
455408
933780
65234
106865
688373
41668
729739
459164
579621
347383
475107
650005
96983
240839
240909
514599
558567
35738
976643
829838
67998
568244
649591
369833
282866
239709
852336
386153
133444
556544
363796
563078
570362
448387
757976
723103
376169
951061
425409
344251
29362
731990
476407
502968
208678
577507
610996
550957
894801
972905
918
431839
471457
811294
25108
949481
718920
236500
967855
200109
345626
376872
229487
166828
145524
47677
717328
634185
972136
174792
15978
993001
858233
789617
911023
626180
406159
444084
143384
514895
844283
343197
887424
45707
5649
53650
39987
481612
396314
882391
713255
784166
108529
931204
160792
46981
799308
273594
533815
746095
26911
840156
160386
318465
719609
843266
334061
614965
959515
278872
176174
147377
714587
214174
741669
656149
815329
822225
918080
399868
137356
914327
285726
865111
75837
766480
159474
838655
963998
290399
7721
952551
660229
972460
696869
843837
81891
806547
806150
733259
425471
803149
364552
376998
79932
955257
709122
247073
530625
91301
751642
297556
68987
959162
890919
729621
35908
303749
347873
61670
462743
991735
473995
946986
354105
227672
554041
341222
158540
488980
657830
858006
584909
81613
1316
741690
631998
272404
731916
309395
114113
601063
896311
706760
72896
683990
843074
10619
606875
401934
819318
172472
268769
340396
568506
119036
633284
404447
93930
443926
686162
883612
818519
229285
873877
55019
403921
820516
141211
602588
533110
875850
409808
312766
697913
236652
440930
800245
271611
94013
211426
637418
312882
639674
419807
825691
266615
991496
88947
705708
629839
517802
492402
37808
308060
720678
823667
543614
341071
131563
274233
727468
486202
939298
906856
541700
921779
413299
620734
207082
177106
544945
130981
11070
569006
385518
401659
610897
990935
199180
747089
779595
717075
534526
855049
105228
349661
57425
108005
637535
611067
781401
64559
204244
598572
227557
832983
712588
56497
222424
365543
417503
607953
154423
782749
456316
310610
736737
857431
798309
48235
866191
237536
910521
877015
118701
736194
466781
989181
526385
56703
43784
631279
952793
239303
129338
36425
875951
721160
164940
234948
896287
746930
637977
157990
576482
990945
90014
47118
712956
765915
412778
50295
667142
878649
160069
665067
196324
779187
862299
477845
548583
176998
448018
551543
115578
113863
577221
706840
84231
962281
265481
515578
545556
685354
216031
613210
528914
193953
349575
475549
824472
803589
988658
692321
258388
20058
86970
686177
302877
95419
790051
104480
342985
283395
205082
662766
646797
513237
457287
352921
986535
916289
914311
408795
350634
428879
85078
976270
612938
503606
415519
105102
207571
803598
417844
458494
393196
301084
303278
411608
350739
413333
345962
762782
424441
92572
44341
587985
174028
633376
45876
220248
676188
239419
900744
192564
197417
865039
233467
12246
639613
100988
34477
191875
783449
426780
801783
855517
892732
709806
751685
56917
740868
531461
273852
24921
192870
398393
217403
768630
728512
414981
393727
722227
844110
53985
223890
387926
301485
380310
28735
228983
146227
254225
485571
641391
297264
816015
107204
374458
758365
472586
304814
33911
391207
505866
540605
921763
299784
197779
89618
960510
763527
914145
951198
276184
572049
135422
720313
623125
904562
66920
137093
407124
419411
988146
603518
391715
238754
462638
453650
65800
253427
829464
514631
233701
538325
797836
579747
686818
191291
910882
88731
740928
897348
242286
12101
482085
796261
541299
85412
200280
359976
934663
411753
593137
623015
804921
859851
250170
299238
684007
491661
356995
498454
125811
226463
199077
998402
42364
31537
834645
914226
151555
781979
195951
978823
360848
460515
528841
383387
743386
801303
451235
233565
498464
635016
556774
32145
283817
472476
639626
167563
227903
12204
511642
635305
733030
885733
184788
658836
319484
722500
575148
527742
964280
682504
161434
47996
502125
279414
542663
362576
144872
401609
795952
935645
885138
371237
197354
800920
104109
743802
855209
777213
431280
246165
703317
962154
828137
595673
649769
542825
560608
627268
48118
349040
554585
669997
931142
906273
501681
333861
563560
340832
756887
671156
161111
825800
259093
216176
528092
864815
890292
742530
173753
6003
162086
682036
358874
608953
516582
952973
495220
533549
429304
498829
549912
318781
255790
225882
203267
695288
756869
515436
435490
531986
976090
725197
558621
791907
795630
586195
38242
919337
537259
185629
73113
770100
173391
744118
602192
754788
328161
691238
961902
586107
365470
509504
952555
115406
733563
711722
494042
656312
469127
47607
409880
855261
319847
853086
538563
301993
973196
875439
661686
933847
928795
405427
247407
570650
268997
474702
853759
814680
914126
931919
74435
741095
532957
673967
629165
417532
941032
61592
161929
242118
111797
694943
120184
388939
663042
440339
287835
501359
984246
695467
552317
798539
565030
832244
646877
434725
480787
448936
215360
225105
830449
842480
287410
597521
558405
112536
86008
502
510534
375619
12524
923612
238531
704296
269804
237366
318860
569919
89012
268311
837219
53895
36902
620200
526387
533728
455739
823067
887101
835715
297528
656338
408648
501485
792150
473741
59895
667524
586684
924180
697076
470113
971425
61969
889398
564595
691055
724655
678001
701912
995945
258353
605543
987655
374714
352831
974316
869158
523623
960581
70692
662843
573583
366134
655947
486241
340628
169769
509436
930897
53952
469682
329468
470911
309415
219848
880173
984398
660112
86961
376530
518227
298550
906986
481373
135254
666260
389553
874906
200464
277609
48393
246110
600378
949165
437618
356647
724201
443086
846580
885261
997144
878466
795188
341553
650231
535023
594951
746151
744890
497760
920408
252279
874078
690121
20394
376944
962518
82973
347321
830292
147171
2643
498071
884636
661322
457778
615896
202814
637936
369763
992594
657962
226884
547762
798071
254304
963005
183172
91519
540744
799039
997158
241252
429307
914503
309069
267927
330641
157452
703380
270312
161354
412282
659349
448006
93865
250036
771258
713541
469933
39652
668356
106580
52226
678862
611133
125100
266424
255694
955851
715855
689154
618351
594796
188042
818765
755058
397963
663030
946489
849033
241268
168175
956162
208903
641258
872965
37442
213225
66376
415928
378139
262473
942983
811479
185021
95313
92594
587803
324222
631959
74217
266065
381499
927838
425268
364428
34740
898557
922212
88027
209386
995128
866110
288285
997563
743586
870559
4206
24235
696035
18861
198061
541013
470247
634675
798305
422579
984677
182918
441833
743179
147079
638969
431033
878972
631764
90851
852391
868546
187581
692421
321540
333742
938088
372887
379108
142304
757819
88949
686527
180267
731
497302
754890
358490
459790
634381
686753
128020
857118
751929
784552
322985
517170
116927
527368
902059
528173
201246
266665
121194
436218
503201
910906
388440
870944
929961
173378
36669
97812
259746
301558
761678
793080
327663
886863
238802
900173
727065
659049
684583
14784
909739
302408
585293
671353
293275
645596
960199
441463
855401
735276
536907
140190
403494
774513
526228
758217
775765
720329
312093
941867
278720
829686
135671
311332
328690
555220
679304
121284
67167
124170
795892
923832
132567
451883
391314
889760
520453
90554
135671
430681
723057
608776
66409
437224
756089
49683
17835
280961
436748
593991
631467
541847
853013
219700
317259
837675
474746
222071
633731
938843
428341
13246
689642
254865
36932
274318
738939
727654
719652
574793
64592
15291
639372
723428
202847
3769
999668
613666
776878
722216
780477
407928
615997
22779
4125
811850
602984
229100
272739
445434
795148
372456
370929
676353
55712
448279
317862
902834
482315
525394
877818
791414
630676
448250
199854
20930
218520
829799
342080
478022
859965
277265
303083
120815
250599
296001
937833
469183
987697
824384
723842
901118
651128
542165
811534
953113
774070
433831
108209
330969
174137
704520
612600
197287
912923
6572
524623
466403
389005
387347
14115
770887
315528
17365
195030
333112
712455
459424
367742
989575
479455
154795
13526
889669
940418
401211
967735
787854
61762
389336
186628
330800
801976
763308
860652
661497
931283
386001
937750
578610
689108
563487
454498
592624
7845
79422
442367
175714
394020
396554
376215
998761
254287
743987
871602
869587
910245
590488
676482
990173
810254
224583
120867
604365
218361
345388
605471
466239
75236
542156
759104
573773
504638
728531
112207
516176
446067
537550
933593
732319
147480
805811
586886
723498
765906
140595
632172
131869
404089
214426
715472
596882
313456
962352
575076
684016
493285
635661
700165
917239
844551
121586
667524
178435
673940
855600
665794
875579
389560
642615
30956
738422
666847
857596
902970
788335
95861
68430
335756
844568
892128
738567
756736
436171
271321
929871
237077
952419
275819
400314
758186
19698
272971
938717
6059
626955
630495
346425
374248
241793
571869
544802
175787
72548
463663
508925
670780
835700
287026
238337
673350
696064
161716
237554
550474
122694
613108
904190
310210
982518
791219
697876
624782
735345
664054
414887
743744
728605
960497
936950
245423
286119
686817
554617
358842
580937
551364
133299
724395
598573
545384
791882
944277
536187
549949
279012
141668
882723
596220
954367
196185
997147
304525
291190
430604
162988
981547
176882
893660
661920
433662
252339
20665
146277
464813
773288
709897
864927
237452
92240
25982
452721
226287
520322
827547
559243
864679
243067
316946
267608
809926
237563
143064
563369
534987
301453
169238
984816
151354
617579
587523
296031
477416
555406
292352
265298
582302
318408
438149
717114
195359
480028
73633
393114
288432
630176
709624
484890
248186
735151
141045
754115
397852
148197
197886
491700
306878
506353
484715
236767
390173
417238
521327
867097
181136
459811
8650
304105
547810
890564
891872
6014
959455
753273
904858
291043
589135
713065
226271
309314
786105
292394
638286
690471
100114
764769
553405
26875
980685
795046
812500
316247
502567
310955
171166
525470
630142
492925
710614
413259
992134
477840
511490
351549
870206
218342
523847
859498
19491
375783
988641
454841
59034
924775
620486
44049
656280
135540
142646
44634
634871
437682
386707
427542
775719
188953
780660
323184
940181
595039
471847
121018
963548
344470
217245
706422
357238
718973
697102
728803
80241
17822
952435
660296
496188
836234
88839
665212
999555
3907
369056
738913
599057
454955
29761
122552
186370
815193
232219
557966
993834
868826
198348
608969
541926
671571
945968
128885
158356
323794
314894
202105
726523
325944
457085
99338
15502
381112
981102
724972
212370
315836
743566
744042
652537
145951
723080
878622
290663
620280
90453
14975
849001
892975
574094
603968
543096
567271
23016
60812
990111
100378
635298
777357
738556
859389
479031
324774
579414
913601
722883
697201
844206
53348
398719
147897
145248
457504
187460
800133
25617
970658
15229
192884
477146
257681
423636
572431
485314
558440
541251
797188
12265
946026
466205
235530
304370
837931
984011
11875
608113
159475
266252
85682
561856
477900
967095
653140
784056
369791
502998
729331
994631
997901
974727
743043
574199
93273
692009
101951
674362
593870
774066
375668
829028
19304
371955
981110
100082
591581
493436
300397
109609
594460
989286
67882
48285
214029
279995
430560
742074
123450
852376
566147
320867
446889
714484
549239
272229
877521
270648
670497
522354
529067
81245
228562
741598
228281
732726
34056
124824
127922
349205
705481
295102
915908
969306
968778
233917
115043
458814
177292
518532
33946
360484
511466
899442
626703
540649
935289
295939
207682
554242
861462
13595
8843
649991
311726
594278
234318
885360
160395
575826
960515
564774
971023
996415
322243
117033
708238
375967
82620
312485
523409
150069
62244
943763
948355
245913
809394
901847
513254
704592
422224
786782
707771
404126
430952
441881
825415
843478
597782
60129
282129
392931
941309
431483
463502
827238
541959
283877
879574
842348
154245
212831
330893
115772
572156
770115
360388
800371
188837
285253
273109
450918
102084
624343
910803
68336
279132
432358
554090
620886
981909
884728
968967
843257
467755
253741
136123
345288
641996
201741
28936
399874
1941
133938
625051
565230
701949
785329
774275
685799
972122
854443
114172
982829
450003
86485
560553
36640
537174
428307
283979
218371
356564
797848
124122
403143
637093
697431
433988
415693
14631
253903
423832
93406
156222
740473
818895
839756
607288
878489
239608
549880
346387
915681
274243
889402
549394
525531
929455
708632
500809
862844
725959
939211
859569
916344
922400
23982
718547
466039
854809
4254
771585
791481
50890
572472
811800
725232
970535
745608
662191
270
974948
832641
634990
182780
200501
791370
529708
669125
653816
314135
528589
540336
229264
800047
657937
354584
286109
237951
686315
990563
337013
799766
203027
681554
673776
693499
216470
510991
532387
63562
588136
977019
894774
117577
357535
813592
690262
474733
97109
652251
960503
950272
446253
872834
744824
312216
438265
483202
241091
761277
985243
361923
303378
609982
643772
858242
464100
427458
613331
372028
477151
980927
55384
820356
345397
823352
450836
301896
101348
754693
372224
37306
852255
451682
662819
637769
778296
943355
897022
182639
182733
252728
928318
904995
273555
728668
518026
619649
377139
585739
908233
320527
458228
617890
698248
161523
278541
121051
936333
84083
289698
469055
292079
852046
880873
751516
568009
627630
535913
658397
374214
979270
107339
197484
755820
966732
305413
991086
191896
41409
986911
823041
262730
441056
861097
476274
116788
723864
62883
106770
663241
972835
588173
829800
691252
215023
708572
646608
41958
934535
432179
797073
944322
176322
781879
432032
326295
317504
147303
772147
490226
994039
66070
57913
497469
532537
889130
124687
721421
920074
790064
199750
583356
390836
541032
818900
890392
836832
913465
567631
331486
498947
74470
346158
250054
981007
251263
280234
582820
280724
361199
357657
620649
847926
196159
514060
335873
84669
511972
121432
706011
487558
190257
281667
558990
917263
193787
484914
591811
165687
69008
611374
552866
892707
811195
576623
222339
941798
426034
759397
23255
933081
358473
516759
134113
782115
523278
292945
571889
189661
533575
230611
236034
191744
471181
175079
730980
634309
110325
826434
739817
8231
439722
291086
933303
366229
927315
274405
532
9752
436568
996945
431576
175116
605389
561098
434663
723909
657730
567145
450184
217416
866549
532246
765202
624334
451328
749397
362994
130246
488029
891668
202330
53189
121349
435290
335165
16359
375003
566189
281471
881568
39284
745507
269447
645113
769655
633594
726285
491720
119645
705576
27239
482834
554013
598323
195036
612119
446192
280806
302736
586596
372325
692137
303598
668565
169433
691039
376880
846241
552236
966643
953963
509315
360378
452354
215238
730614
465672
969734
994785
969283
471203
675729
886920
534516
997752
162287
506624
121290
991310
752182
433650
294584
653874
275683
806041
888608
229152
431317
492833
917449
843813
591711
48505
264037
634753
540885
306460
795420
312987
331655
26161
54145
23257
207308
10256
120259
877072
882856
377380
314938
375137
551861
144097
340918
79974
471559
285808
674318
696196
553815
447887
851495
497219
451286
486615
379680
339293
274884
857490
447377
849139
957350
832178
552297
171715
889133
255366
202915
759741
572901
642152
134462
923496
825471
900660
751258
477589
908464
244386
534177
722644
769082
819306
937817
232507
450565
688029
565095
750302
263784
980718
248932
156274
196887
254483
989123
336735
371204
534211
567824
488858
522618
281933
5743
693297
712409
782110
689385
618414
275678
841212
790589
438538
808462
46945
76939
471135
527617
920691
754312
437912
522307
712515
241204
200098
121121
862272
738655
531696
156270
343816
108453
176596
745167
827958
40823
804198
93339
631699
741893
696148
743499
734483
149711
447442
521966
794586
929543
500506
499610
622229
709560
213060
798952
913092
481845
24655
360041
56922
611745
534965
868714
707377
646775
516467
916041
722373
449587
264755
935387
627502
258575
16820
55776
571370
601659
480880
9570
936370
272870
371107
445828
807985
163117
954607
859419
256972
453227
744672
399409
12781
248356
177238
226599
955642
889258
245081
635455
122697
333301
922315
949528
70521
607894
216092
523209
72249
939457
869367
43020
453801
105641
271967
856173
564173
783499
403251
982065
397910
399201
194853
107019
739690
968760
288500
405780
233516
517024
751978
983901
549224
287588
393198
959272
505608
686999
831671
32492
849548
693570
229145
148901
815783
502933
67685
887468
599170
194691
807150
92961
795471
588997
405158
146239
123731
56701
161127
50373
588405
326376
608838
258687
203496
387262
573993
581552
31744
775807
232239
356799
706973
770413
394475
297556
755058
648547
856396
785819
365737
933340
190604
513544
716033
566512
446098
275423
461834
245775
757829
416762
698581
46126
991075
631474
959245
324352
218384
47899
58764
560400
500913
195183
159152
279181
23038
909513
240724
674140
632490
416779
755573
831160
247174
720029
409662
99473
330131
449372
432018
322438
864721
879872
527018
176874
160864
472591
52835
155251
66679
394627
225041
185152
703648
428078
144721
261503
103132
467768
619878
190069
598102
75205
307991
335297
455279
942697
376194
369659
939318
664619
756356
960655
588656
257648
385131
21289
814135
996928
474566
573217
984042
335925
105363
761099
484328
559108
675745
66822
506136
791321
40584
23556
437314
232460
104551
339124
931884
177493
406602
320395
952266
405066
643310
988490
742869
926755
723143
307372
432194
261249
488461
218981
708265
878103
792825
73495
186827
858805
851030
87967
926572
56623
558149
762206
239137
733769
120999
408399
823993
923879
170971
532035
854148
118369
951206
85219
977469
699693
387154
318059
639340
713208
743965
148831
159384
699913
660386
246961
836660
263150
685071
495272
994469
494335
448031
67845
333488
694153
461023
495057
76479
553348
24590
860781
806886
645290
339356
25495
691982
659666
784254
394664
375879
22139
170154
667688
172872
148358
632977
82993
244642
826194
384465
609680
235377
22482
534202
497446
623694
45513
955794
848616
344093
618415
932115
496810
220396
975913
609371
466542
237691
110557
770007
303483
899317
147776
116189
968151
58825
777613
267592
770229
980062
883592
865329
121933
858819
434536
648567
250887
499576
919814
963753
333231
822524
211414
161050
59532
592345
436101
458374
748024
394476
972987
750095
191924
790259
618259
891146
593327
737500
713713
995670
756792
119353
793468
249749
116230
147757
205036
935239
87481
333468
195098
691697
598833
293635
789323
406110
708425
119925
954449
806264
667170
440142
616691
165539
372178
594078
313126
769896
833807
310148
42528
622756
792449
623907
336695
10060
472950
518627
194368
802374
482577
256712
664525
58736
891199
993540
856873
93319
68154
274609
438437
556431
624857
72354
603011
770966
628276
598621
923329
763956
301724
658546
43407
746641
469650
861490
31452
864258
820362
85596
677392
219615
183288
121762
275504
582977
526818
592850
548588
336839
744210
484347
354194
53540
854388
514629
894144
888878
892547
118156
915630
116558
541897
812683
241427
202806
949209
313929
384119
689283
446383
28114
968738
450132
127483
628919
597393
807054
219510
759668
471915
624085
522489
674644
827137
58487
365297
240275
615716
941561
642592
756573
168046
665369
653093
59588
248435
566975
783992
415702
305197
393934
225752
21712
930273
789721
125204
76510
689683
147413
316997
906238
68547
656671
910476
96062
779077
898193
947312
829863
973570
517740
503145
222301
820399
986239
488998
791905
851676
628142
384630
749266
774062
923307
592496
872673
532634
311517
931757
275675
113540
711406
31260
489937
293640
405443
447598
67422
500949
246203
318329
733580
638657
518016
596861
693486
196502
918808
411912
697047
919618
3942
725288
342877
955688
166054
385768
471622
270519
18325
625839
688046
542675
52381
522033
497907
813227
750321
186724
462819
318836
78114
360952
280769
428179
920278
986354
649665
83484
873135
597745
458818
97980
212282
577823
268329
108804
450532
340385
237912
288297
543197
836726
43382
889757
864138
488291
943434
462718
848430
86883
171159
153014
658388
503043
565917
426435
737522
493006
796320
111159
32402
407942
26892
808748
913739
471790
883790
31243
943789
851338
368748
617904
857053
762289
350517
517931
156012
127076
688004
851419
172272
119745
271091
712890
872452
701048
581843
259870
453607
550195
541143
318087
251402
798511
398752
954183
10780
725456
319758
612092
753071
10822
263752
297498
297264
149718
331484
538897
367316
882
647263
57701
219362
545835
121650
584966
905504
510509
658317
496483
194038
461719
335922
988129
422133
224945
199608
494820
460351
745267
237937
176698
844934
348216
126419
116612
858965
382400
706319
110890
877183
471254
808453
583813
806678
188612
225109
385677
866057
872986
832522
114212
860467
637819
797399
74265
77786
240504
58867
303484
571149
339516
691192
225392
95866
785780
170002
100024
151098
671564
929448
936832
110030
299455
745387
943961
235452
736220
90771
406680
298799
819716
840298
551069
236
750585
636938
407098
892809
19372
727752
293880
815390
729433
341662
536119
302545
439330
227561
731762
586751
868281
805180
705588
408552
40624
888085
313174
327688
12708
700519
810817
528544
62142
581846
937884
724849
494826
741319
547462
878768
459529
394054
254163
724686
801751
723119
660779
781002
6796
224958
889410
922899
181357
583165
648150
530785
434552
233124
550899
475072
819535
546321
206897
978737
413934
836042
770753
278275
526831
747007
310066
104112
437777
794845
153950
843038
774604
946718
356484
325994
544376
143238
575371
835580
799683
276733
636363
428875
160969
865471
143354
73829
345970
840520
888775
750029
71490
193544
422347
597354
721662
137704
101686
510297
903001
526322
71088
650305
817969
851566
268491
901312
373182
14430
673766
443892
221617
117440
453405
651918
134056
492061
6395
773083
950914
698650
939057
287033
325345
36795
493493
149868
523123
406390
274167
822862
806244
208437
935608
142217
488007
627084
604870
119285
288252
94215
245784
326824
3016
204078
978952
58938
19434
102181
349187
850663
113049
37648
482899
677307
530643
54162
461001
736323
98039
198050
834570
445208
783789
733015
149125
324039
144354
479624
233298
422813
497492
781087
680195
574131
840148
745288
546113
42270
517646
781658
199530
802968
380256
418175
320621
95358
51123
258359
822017
998358
125833
974262
198544
589368
677058
395076
879366
931812
209732
600421
914472
627616
263549
198188
439139
187998
415008
39252
840880
231552
614432
710671
617827
5461
203263
687578
596798
449868
4770
737866
335754
919282
335607
314731
815041
818475
862330
249675
286973
925201
813067
319850
298573
138598
360840
436386
715901
660788
174933
447540
859720
594490
767951
88086
86913
186659
510043
967514
561225
491299
355164
742186
474813
116463
763725
84425
291652
283604
332056
153095
771185
835747
902766
991992
373667
469613
664492
31071
31704
846770
846221
762305
952285
504013
520183
924078
533701
915928
107616
470630
195899
835785
460731
528493
831850
526405
702097
294477
848666
457530
128600
86380
375058
457761
658284
65509
705574
8374
97053
557575
914947
410495
882055
996611
436477
287437
45285
759286
12500
933193
767788
176108
448087
307353
370251
627356
707415
824881
310147
342905
444208
991839
557990
333658
124343
82120
857639
913225
729125
113159
249718
31323
920028
796419
158624
511265
184995
656790
607914
652804
76949
435621
111897
848469
471461
739048
604691
270426
795179
495415
516899
406470
29234
184607
756097
630320
926469
927814
171059
362238
117793
855246
219297
770367
271232
33707
62932
107424
11504
192173
415894
153534
813637
263042
321516
401047
302853
578185
199497
779795
392089
320322
129385
269176
558828
372542
921184
421667
545237
460154
782734
954321
460397
635746
290137
261517
331978
232733
828822
26715
857837
163659
524892
54587
964907
68758
105568
60095
118104
521525
633772
119340
904772
718971
32288
787701
704394
104172
555129
548793
21963
793081
396093
335823
331539
476574
661338
889415
670755
859941
864109
775092
209792
434644
509603
588414
855375
275451
808741
958793
380924
326729
247198
921925
653604
508602
764366
222455
180085
723281
771594
931305
257578
262238
794450
34123
725918
671620
731994
612389
9212
104979
754899
482042
541236
646920
701143
919211
322431
615910
517773
932465
227089
767394
288148
164394
58237
313497
129300
290784
341158
133959
183894
276714
41176
283846
15297
278347
428990
83647
718653
614898
195909
253452
661594
55108
330556
58215
219364
132851
422021
973053
223831
857320
542792
250140
77388
775805
234435
166591
240125
600017
453394
575333
260361
729837
640071
583202
764615
635625
180489
829794
916037
307305
147478
467301
590947
241944
619619
604639
85578
924667
766270
205353
925929
590976
335145
433240
831390
464477
858742
103204
484468
660611
663407
35296
316249
148306
407345
137962
902230
862051
802693
641225
860996
901691
815413
28186
946165
714946
716104
158219
101796
841594
980136
299956
389879
970721
882059
762991
515993
964080
387633
489802
494386
963787
611613
131316
600966
690251
7710
948433
81955
912945
149980
497733
997682
792379
921425
215761
896239
378752
838911
9329
324586
764751
875110
624838
220435
984569
89061
784353
416490
927504
200737
259667
551205
554052
831318
715448
195134
570693
575631
150489
62197
710427
994694
592743
902205
913056
30929
506915
193782
271349
449549
487394
305433
861169
284589
852420
702604
971644
682286
454543
223874
325007
499126
511434
966555
580979
705239
460651
343895
729554
949170
841854
685580
155524
220114
945445
380669
554871
167798
324676
155843
202247
97636
863312
868906
747553
988436
95838
441956
910136
494793
259318
294892
4339
99267
14539
926827
2118
293366
515045
943797
497916
492319
251024
929580
755537
492344
914329
640890
646914
309895
250121
121638
413245
867140
390146
770975
807836
927062
631448
231481
819817
273701
846421
56087
127318
152478
907071
714381
208353
204056
793732
923305
775332
851009
647951
626181
152198
668276
357858
936938
813019
567906
269747
158481
61488
279921
568715
809890
66530
419468
890825
717437
280525
924392
291255
925409
367798
475973
499408
562629
743572
222837
767529
404734
776404
354448
711009
965612
94625
310329
611314
202119
89814
960840
914837
673617
725106
484667
122476
331417
701654
699203
553175
777558
465785
789765
621192
920432
71324
93500
670823
288449
460987
612275
431875
131968
575351
892726
408449
870815
940914
280989
738629
640580
935286
673158
464678
788454
103324
761089
168905
243468
198700
511129
822017
840286
349220
994369
830075
897760
434701
245514
829254
959032
344779
655353
258456
250627
904500
326120
963967
298036
90330
557782
29360
392592
699746
280705
584391
104486
881179
823716
557548
768827
87343
884030
430144
717498
454499
195762
637149
337006
331911
37922
634511
77544
282613
784679
241769
382425
779174
455899
936215
493364
373089
71229
713826
587421
500935
858844
998220
203219
274514
983559
489795
906134
432827
620291
172573
463491
749666
429155
878220
841186
188347
787643
57360
90147
333022
583058
613065
995155
149238
12615
155131
547567
970197
763213
65451
927269
675168
715658
26395
194032
654351
80969
734310
682838
876188
281423
290074
513993
845075
413985
68050
302535
322079
400916
497062
571487
742043
450368
10058
604299
262720
428466
878466
148828
781987
121820
315052
462169
7328
299493
311384
394150
304768
638383
767607
467897
945047
842995
936899
491252
625547
869443
576684
443452
432779
58484
799208
545041
948668
41098
389458
506153
462210
619347
667845
698198
670312
278743
413812
780141
808142
222760
74155
339072
697357
305963
222674
757251
702044
971543
183115
901871
736466
347866
448807
781685
481886
176882
506251
507261
272784
225998
791348
689078
584846
837775
626469
95773
917507
588267
164748
862377
233138
646327
664786
927085
173925
915360
895506
797829
680831
53653
700627
284138
287475
890627
282729
525167
563343
740875
37057
3264
939946
867829
232648
587368
897400
202024
628423
317138
848387
330247
864714
356259
15363
827987
214319
988914
713438
350991
550735
382843
320337
619719
165860
327460
482610
703462
573415
217451
878438
82127
235094
33901
815569
418823
902322
667441
600337
900824
975637
989736
373108
259161
854815
422701
545075
307220
199826
864871
56549
790904
425019
133203
347706
950463
650308
761757
803471
933017
220094
356433
672347
486268
92453
212447
564400
940154
324302
888588
508331
369780
563072
688456
293957
481465
862271
941836
527300
963125
610811
166682
708419
651722
909545
740317
27384
173889
261601
591339
981870
618318
930903
143919
221010
479617
105870
838700
868586
790614
566967
567290
891915
189569
534354
235649
202654
635554
135334
74488
524475
838384
487878
338921
803182
52730
73169
159475
922888
231554
619130
873147
209201
119865
683990
684874
91999
542530
579408
983699
78561
611339
141259
456047
509664
828637
464821
813400
410461
310146
143117
443399
209418
847690
659706
218145
752859
269159
420391
502733
496334
85440
598714
973993
643208
543817
843070
41601
652656
476785
560597
529046
831458
799328
441542
947584
556394
909834
537304
234434
859477
51616
189750
610045
229938
519724
545564
692209
56700
942006
157934
995994
377340
332506
609713
545604
369971
805858
649897
602795
222376
710079
560923
484657
579495
397556
401045
901278
450514
150076
187077
788545
169374
367918
255053
60036
39186
801290
947282
207430
73939
511721
331010
824993
959649
818531
929899
279037
113170
324822
221034
863915
101960
349457
570916
548593
986001
821898
686736
630519
590418
883803
533950
225672
243198
747950
497890
42278
960313
81266
865237
875058
78278
760743
228449
442663
412118
707198
727321
380234
916476
890158
135556
961165
995679
811773
797405
282567
531463
798458
264633
708694
254646
370522
915425
303119
749023
69930
963387
405395
944266
205645
964745
607492
794375
551508
884805
194401
645248
662091
568877
367559
658467
559735
527054
673603
682570
859348
837409
15320
100852
222927
646590
620772
385864
629309
206994
554648
274290
596230
495446
486759
76099
598770
893180
797004
414935
730102
680866
975728
720501
540758
44882
533662
969634
731464
851814
636265
222461
641629
375325
989516
695724
258750
450698
605663
203278
486395
928155
137934
355992
470865
253687
342526
888050
946683
449212
251465
613997
282227
41136
179452
615732
59646
564995
757729
123956
302093
618663
507199
269213
571019
944599
580276
755473
701084
557950
401000
414766
692320
394106
818649
612537
90376
63529
572908
250694
557674
687974
331676
898788
55359
914377
161001
947599
456882
613887
524673
619507
942998
681360
973354
518113
917789
755316
356625
975488
235808
295569
178686
27335
337385
224169
575540
921901
576787
228653
87875
156069
657114
477807
115593
14599
761640
581256
535884
135324
839012
206682
152671
932497
519965
148912
511527
317297
983465
873186
214606
220272
935913
46156
269239
186272
680437
552139
913136
388969
180786
290241
240819
107301
416313
336672
164713
745022
575379
901282
481129
921991
840917
917772
883885
332493
601556
344224
672809
214462
677964
720143
753880
103917
53524
855089
761564
442167
903786
366102
625013
214263
272767
734390
158330
857592
458266
347974
288956
165804
440237
486281
297802
851417
455480
396343
669330
385274
83058
724425
8464
295453
618383
298503
353806
9292
191328
605797
806277
245496
253053
692215
977753
667211
607850
103695
324306
727283
12197
299250
27339
893475
113094
543292
576947
216184
775872
196742
189083
144735
927432
562591
547712
514957
546315
194109
950417
802996
684421
136451
251858
383267
503701
336932
175000
332973
377630
542792
274936
383923
601810
357643
956689
216579
261342
357047
598207
333393
879171
925113
194475
805122
507630
963314
945352
733836
437267
902474
941846
17432
818954
867711
498561
415978
468765
44219
270623
318892
964868
319101
175862
58373
839726
81885
858204
250083
325260
899274
275033
777397
622605
215070
514610
783806
636939
97048
124478
205971
786564
391301
365668
242847
403218
428739
770369
798091
262242
668600
475609
936227
913907
749119
996014
280730
840862
428445
655220
515007
604279
49173
932006
25475
38509
104863
927479
608141
87061
938749
188454
856949
158373
471787
747308
901268
519300
765819
491081
942009
546846
220578
286235
884130
203444
557294
506805
651717
656747
952143
723038
884988
852647
426496
571947
631493
184525
215184
152781
718650
365232
569057
171747
526485
854395
406311
135140
858262
255015
848693
163668
252512
108457
498909
548563
536730
249237
183072
877986
449235
328802
685597
969966
185319
241023
835822
375687
71052
592515
271640
794568
732549
979090
8173
230466
945861
930916
895927
264036
845534
559584
632242
